              precision    recall  f1-score   support

           0       0.50      0.23      0.32      2019
           1       0.99      0.93      0.96       319
           2       0.63      0.59      0.61       322
           3       0.27      0.39      0.32       485
           4       0.39      0.38      0.39       311
           5       0.37      0.46      0.41       243
           6       0.34      0.59      0.43       415
           7       0.29      0.24      0.26       362
           8       0.22      0.37      0.28       179
           9       0.26      0.34      0.30       229
          10       0.18      0.28      0.22       191
          11       0.60      0.63      0.62       286
          12       0.15      0.22      0.18       205
          13       0.26      0.22      0.23       223
          14       0.48      0.51      0.49       279
          15       0.95      0.93      0.94       308
          16       0.98      0.96      0.97       305
          17       0.75      0.92      0.83       243
          18       0.08      0.15      0.10        85
          19       0.61      0.84      0.70       217
          20       0.64      0.66      0.65       290
          21       0.59      0.61      0.60       569
          22       0.48      0.58      0.53       250
          23       0.59      0.68      0.63       261
          24       0.59      0.57      0.58       309
          25       0.56      0.73      0.64       229
          26       1.00      0.01      0.01       171

    accuracy                           0.49      9305
   macro avg       0.51      0.52      0.49      9305
weighted avg       0.52      0.49      0.48      9305
