              precision    recall  f1-score   support

           0       0.34      0.54      0.42       592
           1       0.97      0.96      0.96       304
           2       0.58      0.65      0.61       269
           3       0.20      0.37      0.26       383
           4       0.35      0.49      0.41       213
           5       0.32      0.59      0.42       165
           6       0.34      0.62      0.44       390
           7       0.30      0.21      0.25       429
           8       0.15      0.44      0.22       100
           9       0.21      0.35      0.26       184
          10       0.02      0.23      0.04        30
          11       0.54      0.68      0.60       238
          12       0.07      0.17      0.10       124
          13       0.28      0.18      0.22       288
          14       0.43      0.54      0.48       235
          15       0.92      0.96      0.94       289
          16       0.98      0.99      0.98       296
          17       0.74      0.97      0.84       230
          18       0.06      0.12      0.08        83
          19       0.55      0.90      0.68       182
          20       0.53      0.76      0.63       211
          21       0.38      0.65      0.48       339
          22       0.45      0.60      0.52       226
          23       0.44      0.81      0.57       165
          24       0.50      0.61      0.55       248
          25       0.48      0.79      0.60       182
          26       1.00      0.00      0.00      2910

    accuracy                           0.41      9305
   macro avg       0.45      0.56      0.46      9305
weighted avg       0.63      0.41      0.35      9305
