              precision    recall  f1-score   support

           0       0.34      0.51      0.41       632
           1       0.95      0.95      0.95       298
           2       0.76      0.48      0.59       475
           3       0.33      0.23      0.27      1007
           4       0.43      0.36      0.39       356
           5       0.35      0.55      0.43       191
           6       0.38      0.46      0.42       586
           7       0.06      0.15      0.08       110
           8       0.10      0.28      0.15       107
           9       0.08      0.16      0.10       146
          10       0.12      0.26      0.16       141
          11       0.63      0.59      0.61       316
          12       0.24      0.19      0.21       389
          13       0.02      0.06      0.02        50
          14       0.37      0.35      0.36       317
          15       0.00      0.00      0.00       167
          16       0.92      0.92      0.92       299
          17       0.96      0.97      0.96       295
          18       0.75      0.96      0.84       234
          19       0.02      0.23      0.04        31
          20       0.60      0.90      0.72       199
          21       0.50      0.57      0.54       263
          22       0.70      0.63      0.66       649
          23       0.55      0.62      0.58       267
          24       0.47      0.71      0.57       199
          25       0.67      0.46      0.55       436
          26       0.57      0.66      0.61       259
          27       0.00      0.00      0.00       989

    accuracy                           0.45      9408
   macro avg       0.42      0.47      0.43      9408
weighted avg       0.45      0.45      0.44      9408
