              precision    recall  f1-score   support

           0       0.45      0.35      0.39      1239
           1       0.99      0.93      0.96       318
           2       0.65      0.61      0.63       316
           3       0.36      0.39      0.37       645
           4       0.35      0.44      0.39       236
           5       0.33      0.49      0.39       202
           6       0.40      0.55      0.46       518
           7       0.34      0.22      0.26       465
           8       0.28      0.33      0.30       251
           9       0.33      0.27      0.30       365
          10       0.26      0.27      0.26       289
          11       0.67      0.60      0.63       334
          12       0.17      0.20      0.18       245
          13       0.33      0.25      0.29       246
          14       0.51      0.50      0.50       302
          15       0.96      0.92      0.94       312
          16       0.98      0.99      0.99       296
          17       0.75      0.94      0.83       238
          18       0.07      0.14      0.09        80
          19       0.66      0.76      0.70       260
          20       0.65      0.66      0.66       294
          21       0.57      0.61      0.59       549
          22       0.60      0.54      0.57       330
          23       0.63      0.65      0.64       290
          24       0.66      0.53      0.58       374
          25       0.63      0.66      0.64       285
          26       1.00      0.04      0.07        26

    accuracy                           0.51      9305
   macro avg       0.54      0.51      0.51      9305
weighted avg       0.52      0.51      0.51      9305
