              precision    recall  f1-score   support

           0       0.33      0.46      0.38       674
           1       0.97      0.99      0.98       295
           2       0.65      0.61      0.63       318
           3       0.28      0.35      0.31       564
           4       0.41      0.39      0.40       309
           5       0.34      0.54      0.42       188
           6       0.28      0.58      0.38       341
           7       0.27      0.21      0.23       382
           8       0.27      0.34      0.30       238
           9       0.15      0.20      0.17       219
          10       0.20      0.24      0.22       248
          11       0.60      0.67      0.63       268
          12       0.16      0.17      0.17       281
          13       0.32      0.17      0.22       463
          14       0.45      0.46      0.45       291
          15       0.00      0.00      0.00       947
          16       0.91      0.95      0.93       289
          17       0.96      0.98      0.97       295
          18       0.76      0.93      0.84       244
          19       0.39      0.41      0.40       284
          20       0.72      0.72      0.72       298
          21       0.51      0.48      0.49       315
          22       0.54      0.67      0.60       454
          23       0.54      0.58      0.56       280
          24       0.54      0.72      0.62       223
          25       0.65      0.54      0.59       358
          26       0.63      0.58      0.60       323
          27       0.00      0.00      0.00        57

    accuracy                           0.47      9446
   macro avg       0.46      0.50      0.47      9446
weighted avg       0.43      0.47      0.44      9446
