              precision    recall  f1-score   support

           0       0.66      0.19      0.30      3232
           1       0.98      0.96      0.97       307
           2       0.48      0.72      0.57       201
           3       0.14      0.51      0.22       192
           4       0.36      0.49      0.41       218
           5       0.41      0.50      0.45       246
           6       0.31      0.64      0.42       351
           7       0.22      0.29      0.25       221
           8       0.21      0.47      0.29       134
           9       0.19      0.30      0.24       191
          10       0.20      0.25      0.22       233
          11       0.57      0.70      0.62       244
          12       0.12      0.28      0.16       126
          13       0.45      0.18      0.25       484
          14       0.44      0.55      0.49       242
          15       0.94      0.96      0.95       294
          16       0.98      0.91      0.94       323
          17       0.74      0.97      0.84       231
          18       0.15      0.12      0.13       207
          19       0.65      0.80      0.72       241
          20       0.52      0.73      0.61       211
          21       0.30      0.74      0.42       235
          22       0.59      0.58      0.58       307
          23       0.52      0.80      0.63       197
          24       0.48      0.62      0.54       234
          25       0.47      0.78      0.59       180
          26       0.00      0.00      0.00        23

    accuracy                           0.46      9305
   macro avg       0.45      0.56      0.47      9305
weighted avg       0.55      0.46      0.44      9305
