              precision    recall  f1-score   support

           0       0.40      0.26      0.31      1445
           1       0.93      0.94      0.93       297
           2       0.68      0.53      0.60       381
           3       0.39      0.34      0.37       801
           4       0.23      0.52      0.32       134
           5       0.27      0.45      0.34       176
           6       0.35      0.53      0.42       481
           7       0.15      0.21      0.17       215
           8       0.20      0.27      0.23       224
           9       0.21      0.13      0.16       477
          10       0.14      0.21      0.17       197
          11       0.57      0.57      0.57       302
          12       0.15      0.16      0.15       273
          13       0.15      0.20      0.17       142
          14       0.35      0.33      0.34       321
          15       0.89      0.87      0.88       307
          16       0.91      0.95      0.93       288
          17       0.69      0.82      0.75       253
          18       0.04      0.06      0.05        96
          19       0.56      0.67      0.61       251
          20       0.63      0.56      0.60       338
          21       0.48      0.58      0.53       488
          22       0.53      0.54      0.54       294
          23       0.59      0.55      0.57       320
          24       0.62      0.47      0.54       390
          25       0.52      0.53      0.53       294
          26       0.00      0.00      0.00       120

    accuracy                           0.45      9305
   macro avg       0.43      0.45      0.44      9305
weighted avg       0.46      0.45      0.45      9305
