              precision    recall  f1-score   support

           0       0.39      0.28      0.33      1299
           1       0.98      0.93      0.95       314
           2       0.73      0.55      0.63       398
           3       0.34      0.39      0.36       616
           4       0.27      0.47      0.34       171
           5       0.39      0.36      0.37       331
           6       0.39      0.50      0.44       566
           7       0.21      0.23      0.22       269
           8       0.23      0.34      0.27       200
           9       0.33      0.23      0.27       430
          10       0.17      0.28      0.21       187
          11       0.54      0.69      0.61       235
          12       0.11      0.28      0.15       114
          13       0.48      0.11      0.18       828
          14       0.40      0.54      0.46       222
          15       0.96      0.91      0.93       316
          16       0.98      0.99      0.99       298
          17       0.74      0.94      0.83       237
          18       0.08      0.14      0.10       103
          19       0.62      0.86      0.72       217
          20       0.60      0.63      0.61       285
          21       0.53      0.62      0.57       503
          22       0.61      0.53      0.57       349
          23       0.50      0.78      0.61       190
          24       0.55      0.53      0.54       309
          25       0.63      0.60      0.61       311
          26       0.00      0.00      0.00         7

    accuracy                           0.48      9305
   macro avg       0.47      0.51      0.48      9305
weighted avg       0.50      0.48      0.47      9305
