              precision    recall  f1-score   support

           0       0.43      0.27      0.33      1483
           1       0.96      0.97      0.97       296
           2       0.48      0.71      0.57       205
           3       0.39      0.30      0.34       889
           4       0.17      0.56      0.26        93
           5       0.31      0.62      0.41       150
           6       0.34      0.57      0.42       427
           7       0.32      0.22      0.26       440
           8       0.29      0.28      0.29       309
           9       0.22      0.29      0.25       229
          10       0.00      0.07      0.01        15
          11       0.53      0.70      0.60       225
          12       0.06      0.20      0.09        90
          13       0.16      0.18      0.17       169
          14       0.46      0.54      0.50       256
          15       0.93      0.95      0.94       296
          16       0.98      0.98      0.98       300
          17       0.73      0.97      0.83       226
          18       0.04      0.27      0.07        26
          19       0.54      0.92      0.68       177
          20       0.56      0.75      0.64       223
          21       0.40      0.67      0.50       349
          22       0.50      0.62      0.55       245
          23       0.49      0.74      0.59       199
          24       0.50      0.59      0.54       258
          25       0.48      0.79      0.60       183
          26       1.00      0.00      0.00      1547

    accuracy                           0.44      9305
   macro avg       0.46      0.55      0.46      9305
weighted avg       0.56      0.44      0.40      9305
