              precision    recall  f1-score   support

           0       0.38      0.37      0.38       964
           1       0.97      0.99      0.98       295
           2       0.67      0.61      0.64       333
           3       0.32      0.35      0.34       636
           4       0.40      0.43      0.42       281
           5       0.42      0.49      0.45       261
           6       0.34      0.54      0.41       432
           7       0.32      0.23      0.26       426
           8       0.26      0.32      0.29       249
           9       0.15      0.15      0.15       302
          10       0.18      0.27      0.22       200
          11       0.60      0.65      0.62       279
          12       0.21      0.19      0.20       334
          13       0.16      0.18      0.17       222
          14       0.45      0.48      0.47       279
          15       0.00      0.00      0.00       277
          16       0.93      0.95      0.94       294
          17       0.95      0.98      0.96       293
          18       0.76      0.94      0.84       242
          19       0.38      0.41      0.39       273
          20       0.64      0.89      0.74       216
          21       0.54      0.50      0.52       323
          22       0.60      0.63      0.61       540
          23       0.56      0.55      0.55       306
          24       0.53      0.73      0.62       217
          25       0.67      0.53      0.59       384
          26       0.62      0.60      0.61       306
          27       1.00      0.00      0.01       282

    accuracy                           0.48      9446
   macro avg       0.50      0.50      0.48      9446
weighted avg       0.49      0.48      0.47      9446
