              precision    recall  f1-score   support

           0       0.38      0.40      0.39       884
           1       0.98      0.94      0.96       312
           2       0.68      0.57      0.62       356
           3       0.31      0.40      0.35       529
           4       0.39      0.46      0.42       252
           5       0.32      0.58      0.41       168
           6       0.40      0.54      0.46       530
           7       0.26      0.20      0.23       381
           8       0.16      0.27      0.20       175
           9       0.33      0.24      0.28       405
          10       0.25      0.23      0.24       324
          11       0.64      0.61      0.63       317
          12       0.12      0.17      0.14       210
          13       0.26      0.12      0.17       385
          14       0.46      0.39      0.42       357
          15       0.95      0.94      0.95       304
          16       0.98      0.97      0.98       301
          17       0.74      0.93      0.82       237
          18       0.04      0.07      0.05       106
          19       0.61      0.90      0.72       203
          20       0.64      0.63      0.64       304
          21       0.64      0.57      0.60       667
          22       0.55      0.52      0.54       313
          23       0.59      0.71      0.64       251
          24       0.67      0.49      0.57       409
          25       0.63      0.66      0.64       287
          26       1.00      0.00      0.01       338

    accuracy                           0.49      9305
   macro avg       0.52      0.50      0.48      9305
weighted avg       0.52      0.49      0.48      9305
