              precision    recall  f1-score   support

           0       0.57      0.20      0.29      2705
           1       0.91      0.96      0.94       284
           2       0.40      0.68      0.51       177
           3       0.29      0.37      0.33       553
           4       0.40      0.41      0.40       294
           5       0.40      0.38      0.39       317
           6       0.28      0.60      0.38       329
           7       0.14      0.25      0.18       169
           8       0.29      0.21      0.25       417
           9       0.19      0.24      0.21       242
          10       0.17      0.29      0.22       177
          11       0.57      0.63      0.60       272
          12       0.00      0.00      0.00         0
          13       0.20      0.16      0.18       243
          14       0.48      0.42      0.45       342
          15       0.93      0.94      0.94       296
          16       0.96      0.97      0.96       297
          17       0.69      0.92      0.79       227
          18       0.05      0.09      0.07       100
          19       0.56      0.82      0.67       205
          20       0.60      0.64      0.62       281
          21       0.44      0.64      0.52       399
          22       0.38      0.66      0.48       173
          23       0.49      0.71      0.58       206
          24       0.59      0.53      0.55       335
          25       0.59      0.68      0.63       257
          26       0.00      0.00      0.00         8

    accuracy                           0.45      9305
   macro avg       0.43      0.50      0.45      9305
weighted avg       0.50      0.45      0.44      9305
