              precision    recall  f1-score   support

           0       0.41      0.22      0.28      1802
           1       0.96      0.96      0.96       299
           2       0.46      0.73      0.57       190
           3       0.51      0.32      0.40      1104
           4       0.30      0.47      0.37       191
           5       0.35      0.51      0.42       207
           6       0.30      0.65      0.41       324
           7       0.21      0.25      0.23       249
           8       0.23      0.35      0.28       193
           9       0.25      0.30      0.27       253
          10       0.21      0.26      0.24       243
          11       0.63      0.63      0.63       302
          12       0.16      0.20      0.18       248
          13       0.32      0.14      0.20       415
          14       0.48      0.45      0.46       320
          15       0.95      0.95      0.95       299
          16       0.98      0.99      0.99       296
          17       0.75      0.94      0.83       240
          18       0.14      0.13      0.13       174
          19       0.58      0.92      0.71       191
          20       0.58      0.74      0.65       235
          21       0.31      0.66      0.42       276
          22       0.53      0.60      0.56       263
          23       0.45      0.83      0.58       162
          24       0.62      0.54      0.58       346
          25       0.64      0.68      0.66       280
          26       1.00      0.00      0.01       203

    accuracy                           0.46      9305
   macro avg       0.49      0.53      0.48      9305
weighted avg       0.49      0.46      0.45      9305
