              precision    recall  f1-score   support

           0       0.51      0.26      0.35      1843
           1       0.98      0.95      0.96       310
           2       0.63      0.60      0.61       315
           3       0.35      0.40      0.38       612
           4       0.38      0.44      0.41       254
           5       0.34      0.58      0.43       178
           6       0.38      0.57      0.46       475
           7       0.28      0.24      0.26       341
           8       0.24      0.33      0.28       214
           9       0.26      0.28      0.27       283
          10       0.26      0.27      0.26       285
          11       0.65      0.66      0.65       293
          12       0.13      0.24      0.17       164
          13       0.26      0.21      0.23       229
          14       0.41      0.46      0.43       266
          15       0.96      0.92      0.94       311
          16       0.98      0.99      0.98       297
          17       0.75      0.96      0.84       235
          18       0.05      0.09      0.07       105
          19       0.64      0.78      0.70       247
          20       0.66      0.65      0.65       305
          21       0.57      0.61      0.59       552
          22       0.56      0.57      0.57       295
          23       0.61      0.71      0.65       259
          24       0.63      0.55      0.59       347
          25       0.60      0.72      0.65       250
          26       0.00      0.00      0.00        40

    accuracy                           0.50      9305
   macro avg       0.48      0.52      0.50      9305
weighted avg       0.52      0.50      0.50      9305
