              precision    recall  f1-score   support

           0       0.45      0.32      0.37      1337
           1       0.97      0.96      0.96       304
           2       0.62      0.59      0.60       319
           3       0.36      0.37      0.37       682
           4       0.42      0.42      0.42       301
           5       0.38      0.56      0.46       205
           6       0.42      0.52      0.46       585
           7       0.27      0.23      0.25       352
           8       0.19      0.28      0.22       199
           9       0.26      0.31      0.28       249
          10       0.23      0.23      0.23       310
          11       0.66      0.62      0.64       317
          12       0.12      0.22      0.15       167
          13       0.31      0.18      0.23       327
          14       0.53      0.42      0.47       375
          15       0.96      0.94      0.95       306
          16       0.98      0.98      0.98       301
          17       0.74      0.92      0.82       242
          18       0.03      0.09      0.05        53
          19       0.64      0.86      0.73       223
          20       0.62      0.64      0.63       289
          21       0.54      0.62      0.58       515
          22       0.54      0.51      0.53       313
          23       0.58      0.67      0.62       259
          24       0.69      0.50      0.58       418
          25       0.62      0.65      0.63       283
          26       1.00      0.01      0.03        74

    accuracy                           0.50      9305
   macro avg       0.52      0.50      0.49      9305
weighted avg       0.52      0.50      0.50      9305
