              precision    recall  f1-score   support

           0       0.34      0.47      0.40       682
           1       0.94      0.98      0.96       288
           2       0.60      0.61      0.61       297
           3       0.23      0.31      0.27       518
           4       0.42      0.36      0.39       353
           5       0.32      0.68      0.44       141
           6       0.37      0.55      0.44       486
           7       0.31      0.22      0.26       435
           8       0.27      0.29      0.28       281
           9       0.20      0.18      0.19       336
          10       0.08      0.34      0.13        70
          11       0.59      0.66      0.63       268
          12       0.13      0.18      0.15       228
          13       0.18      0.15      0.16       248
          14       0.42      0.44      0.43       291
          15       0.00      0.00      0.00      1483
          16       0.90      0.95      0.92       284
          17       0.96      0.99      0.97       290
          18       0.76      0.96      0.85       237
          19       0.07      0.22      0.10        91
          20       0.58      0.96      0.72       181
          21       0.48      0.70      0.57       207
          22       0.57      0.69      0.62       475
          23       0.55      0.65      0.59       255
          24       0.46      0.71      0.56       194
          25       0.56      0.56      0.56       300
          26       0.46      0.81      0.59       171
          27       0.00      0.00      0.00       318

    accuracy                           0.44      9408
   macro avg       0.42      0.52      0.46      9408
weighted avg       0.37      0.44      0.40      9408
