              precision    recall  f1-score   support

           0       0.57      0.18      0.27      2958
           1       0.93      0.97      0.95       289
           2       0.59      0.65      0.62       274
           3       0.30      0.37      0.33       572
           4       0.38      0.35      0.36       325
           5       0.30      0.59      0.40       154
           6       0.28      0.45      0.34       440
           7       0.03      0.12      0.05        86
           8       0.24      0.34      0.28       215
           9       0.15      0.34      0.20       130
          10       0.20      0.22      0.21       270
          11       0.54      0.61      0.57       266
          12       0.03      0.19      0.06        53
          13       0.10      0.22      0.13        81
          14       0.42      0.48      0.45       265
          15       0.91      0.94      0.93       290
          16       0.95      0.97      0.96       294
          17       0.59      0.96      0.73       185
          18       0.14      0.12      0.13       200
          19       0.56      0.86      0.67       195
          20       0.44      0.75      0.55       174
          21       0.38      0.63      0.47       355
          22       0.40      0.53      0.45       224
          23       0.43      0.74      0.54       175
          24       0.49      0.53      0.51       277
          25       0.49      0.69      0.58       215
          26       0.00      0.00      0.00       343

    accuracy                           0.42      9305
   macro avg       0.40      0.51      0.44      9305
weighted avg       0.47      0.42      0.41      9305
