              precision    recall  f1-score   support

           0       0.65      0.19      0.29      3285
           1       0.95      0.97      0.96       296
           2       0.49      0.70      0.58       209
           3       0.22      0.44      0.30       355
           4       0.34      0.47      0.39       216
           5       0.32      0.63      0.42       153
           6       0.31      0.62      0.41       358
           7       0.20      0.24      0.22       248
           8       0.15      0.45      0.22       101
           9       0.20      0.44      0.27       133
          10       0.15      0.37      0.21       120
          11       0.56      0.69      0.62       242
          12       0.10      0.22      0.13       134
          13       0.22      0.18      0.20       238
          14       0.45      0.53      0.49       255
          15       0.94      0.97      0.95       291
          16       0.98      0.97      0.97       302
          17       0.74      0.97      0.84       228
          18       0.09      0.14      0.11       110
          19       0.54      0.94      0.68       172
          20       0.53      0.73      0.61       219
          21       0.49      0.63      0.55       455
          22       0.49      0.65      0.56       227
          23       0.54      0.71      0.61       227
          24       0.41      0.67      0.51       184
          25       0.56      0.71      0.62       235
          26       1.00      0.00      0.01       312

    accuracy                           0.45      9305
   macro avg       0.47      0.56      0.47      9305
weighted avg       0.56      0.45      0.43      9305
