              precision    recall  f1-score   support

           0       0.00      0.00      0.00         0
           1       0.19      0.14      0.16       429
           2       0.00      0.00      0.00         0
           3       0.00      0.00      0.00         0
           4       0.00      0.00      0.00         0
           5       0.26      0.14      0.18       538
           6       0.03      0.26      0.06        88
           7       0.00      0.00      0.00         0
           8       0.00      0.00      0.00         0
           9       0.00      0.00      0.00         0
          10       0.00      0.00      0.00         0
          11       0.07      0.04      0.05       577
          12       0.02      0.05      0.03       124
          13       0.00      0.00      0.00         0
          14       0.00      0.00      0.00         0
          15       0.00      0.00      0.00         0
          16       0.30      0.98      0.46        91
          17       0.27      0.95      0.42        86
          18       0.00      0.00      0.00         0
          19       0.02      0.09      0.03        55
          20       0.82      0.05      0.10      4737
          21       0.38      0.26      0.31       865
          22       0.00      0.00      0.00         0
          23       0.00      0.00      0.00         0
          24       0.00      0.00      0.00         0
          25       0.33      0.19      0.24       527
          26       0.00      0.00      0.00      1188

    accuracy                           0.10      9305
   macro avg       0.10      0.12      0.08      9305
weighted avg       0.51      0.10      0.12      9305
