              precision    recall  f1-score   support

           0       0.53      0.28      0.37      1798
           1       0.98      0.94      0.96       315
           2       0.58      0.64      0.61       272
           3       0.31      0.43      0.36       508
           4       0.39      0.41      0.40       284
           5       0.34      0.54      0.42       192
           6       0.39      0.56      0.46       499
           7       0.28      0.22      0.25       382
           8       0.28      0.30      0.29       283
           9       0.29      0.33      0.31       264
          10       0.24      0.28      0.26       258
          11       0.63      0.62      0.63       301
          12       0.17      0.22      0.19       226
          13       0.37      0.26      0.31       267
          14       0.44      0.54      0.49       248
          15       0.95      0.94      0.95       303
          16       0.98      0.99      0.98       297
          17       0.75      0.91      0.82       247
          18       0.11      0.19      0.14        93
          19       0.74      0.67      0.70       329
          20       0.68      0.65      0.67       310
          21       0.49      0.66      0.56       439
          22       0.52      0.64      0.57       247
          23       0.60      0.71      0.65       256
          24       0.62      0.57      0.59       326
          25       0.61      0.69      0.65       262
          26       1.00      0.01      0.02        99

    accuracy                           0.51      9305
   macro avg       0.53      0.53      0.50      9305
weighted avg       0.53      0.51      0.50      9305
