              precision    recall  f1-score   support

           0       0.46      0.33      0.38      1312
           1       0.98      0.95      0.97       311
           2       0.62      0.61      0.62       307
           3       0.35      0.40      0.37       621
           4       0.42      0.43      0.43       292
           5       0.43      0.42      0.43       302
           6       0.40      0.53      0.45       536
           7       0.34      0.20      0.25       505
           8       0.26      0.32      0.29       246
           9       0.27      0.30      0.28       270
          10       0.25      0.28      0.26       274
          11       0.63      0.63      0.63       301
          12       0.18      0.23      0.20       232
          13       0.29      0.24      0.26       222
          14       0.52      0.50      0.51       311
          15       0.96      0.93      0.94       309
          16       0.98      0.99      0.98       298
          17       0.74      0.95      0.83       233
          18       0.12      0.14      0.13       144
          19       0.70      0.82      0.76       258
          20       0.65      0.62      0.64       313
          21       0.54      0.63      0.58       500
          22       0.55      0.57      0.56       288
          23       0.59      0.71      0.64       248
          24       0.65      0.52      0.58       376
          25       0.60      0.70      0.65       258
          26       0.00      0.00      0.00        38

    accuracy                           0.51      9305
   macro avg       0.50      0.52      0.50      9305
weighted avg       0.51      0.51      0.51      9305
