              precision    recall  f1-score   support

           0       0.00      0.00      0.00         0
           1       0.00      0.00      0.00         0
           2       0.00      0.00      0.00         0
           3       0.00      0.00      0.00         0
           4       0.00      0.00      0.00         0
           5       0.00      0.00      0.00         0
           6       0.00      0.00      0.00         1
           7       0.00      0.00      0.00         0
           8       0.00      0.00      0.00         0
           9       0.27      0.04      0.08      1784
          10       0.00      0.00      0.00         0
          11       0.59      0.04      0.08      4309
          12       0.08      0.04      0.05       679
          13       0.00      0.00      0.00         0
          14       0.00      0.00      0.00         0
          15       0.00      0.00      0.00         0
          16       0.00      0.00      0.00         0
          17       0.00      0.00      0.00         0
          18       0.00      0.00      0.00         0
          19       0.42      0.05      0.09      2532
          20       0.00      0.00      0.00         0
          21       0.00      0.00      0.00         0
          22       0.00      0.00      0.00         0
          23       0.00      0.00      0.00         0
          24       0.00      0.00      0.00         0
          25       0.00      0.00      0.00         0
          26       0.00      0.00      0.00         0

    accuracy                           0.04      9305
   macro avg       0.05      0.01      0.01      9305
weighted avg       0.44      0.04      0.08      9305
