              precision    recall  f1-score   support

           0       0.47      0.29      0.36      1512
           1       0.98      0.95      0.96       309
           2       0.63      0.59      0.61       321
           3       0.35      0.40      0.37       612
           4       0.38      0.43      0.41       267
           5       0.38      0.41      0.40       281
           6       0.33      0.62      0.43       388
           7       0.28      0.23      0.25       367
           8       0.26      0.32      0.29       240
           9       0.30      0.26      0.28       341
          10       0.23      0.26      0.24       273
          11       0.62      0.64      0.63       291
          12       0.21      0.21      0.21       292
          13       0.32      0.24      0.27       257
          14       0.52      0.50      0.51       311
          15       0.95      0.94      0.94       304
          16       0.98      0.98      0.98       299
          17       0.75      0.96      0.84       235
          18       0.10      0.10      0.10       158
          19       0.70      0.79      0.74       264
          20       0.66      0.66      0.66       298
          21       0.52      0.63      0.57       483
          22       0.58      0.54      0.56       322
          23       0.63      0.67      0.65       282
          24       0.58      0.55      0.57       318
          25       0.58      0.69      0.63       252
          26       0.00      0.00      0.00        28

    accuracy                           0.50      9305
   macro avg       0.49      0.51      0.50      9305
weighted avg       0.50      0.50      0.50      9305
