              precision    recall  f1-score   support

           0       0.56      0.23      0.33      2294
           1       0.97      0.95      0.96       308
           2       0.60      0.61      0.61       297
           3       0.32      0.40      0.36       573
           4       0.36      0.41      0.38       268
           5       0.34      0.50      0.41       205
           6       0.34      0.58      0.43       424
           7       0.28      0.23      0.25       363
           8       0.21      0.36      0.27       176
           9       0.22      0.38      0.28       176
          10       0.20      0.31      0.24       199
          11       0.54      0.64      0.58       254
          12       0.18      0.21      0.19       262
          13       0.15      0.18      0.17       161
          14       0.49      0.54      0.51       274
          15       0.95      0.91      0.93       312
          16       0.98      0.96      0.97       306
          17       0.74      0.91      0.82       244
          18       0.08      0.20      0.12        69
          19       0.57      0.85      0.69       202
          20       0.63      0.69      0.66       273
          21       0.55      0.64      0.59       506
          22       0.56      0.54      0.55       312
          23       0.54      0.74      0.63       219
          24       0.60      0.55      0.57       327
          25       0.59      0.69      0.64       254
          26       0.00      0.00      0.00        47

    accuracy                           0.49      9305
   macro avg       0.47      0.53      0.49      9305
weighted avg       0.52      0.49      0.48      9305
