              precision    recall  f1-score   support

           0       0.50      0.26      0.34      1789
           1       0.98      0.93      0.96       317
           2       0.65      0.61      0.63       317
           3       0.37      0.41      0.38       631
           4       0.41      0.40      0.41       304
           5       0.38      0.48      0.43       240
           6       0.37      0.57      0.45       471
           7       0.30      0.22      0.25       422
           8       0.26      0.32      0.29       241
           9       0.28      0.31      0.29       266
          10       0.23      0.32      0.27       221
          11       0.60      0.66      0.62       273
          12       0.10      0.24      0.14       126
          13       0.39      0.23      0.29       318
          14       0.45      0.53      0.48       254
          15       0.95      0.93      0.94       306
          16       0.98      0.99      0.98       298
          17       0.75      0.95      0.84       237
          18       0.10      0.20      0.13        82
          19       0.65      0.85      0.73       228
          20       0.62      0.67      0.64       281
          21       0.52      0.65      0.58       468
          22       0.50      0.63      0.56       238
          23       0.53      0.78      0.63       203
          24       0.69      0.52      0.59       400
          25       0.63      0.65      0.64       289
          26       1.00      0.01      0.02        85

    accuracy                           0.50      9305
   macro avg       0.53      0.53      0.50      9305
weighted avg       0.52      0.50      0.50      9305
