              precision    recall  f1-score   support

           0       0.27      0.37      0.31       670
           1       0.98      0.95      0.96       308
           2       0.56      0.66      0.61       253
           3       0.31      0.36      0.33       609
           4       0.45      0.41      0.43       332
           5       0.32      0.62      0.42       155
           6       0.30      0.59      0.40       371
           7       0.18      0.16      0.17       334
           8       0.29      0.33      0.31       259
           9       0.24      0.21      0.22       352
          10       0.14      0.26      0.18       161
          11       0.58      0.67      0.62       260
          12       0.17      0.14      0.16       367
          13       0.03      0.18      0.05        28
          14       0.44      0.50      0.47       265
          15       0.94      0.95      0.94       297
          16       0.98      0.99      0.98       297
          17       0.74      0.98      0.84       227
          18       0.06      0.14      0.08        70
          19       0.55      0.90      0.68       184
          20       0.57      0.74      0.64       231
          21       0.42      0.66      0.52       376
          22       0.49      0.62      0.54       236
          23       0.51      0.76      0.61       202
          24       0.58      0.56      0.57       308
          25       0.45      0.82      0.59       165
          26       0.00      0.00      0.00      1988

    accuracy                           0.43      9305
   macro avg       0.43      0.54      0.47      9305
weighted avg       0.35      0.43      0.38      9305
