              precision    recall  f1-score   support

           0       0.39      0.41      0.40       916
           1       0.96      0.96      0.96       298
           2       0.73      0.55      0.63       400
           3       0.29      0.38      0.33       539
           4       0.40      0.39      0.39       309
           5       0.38      0.37      0.38       313
           6       0.45      0.42      0.43       761
           7       0.21      0.23      0.22       272
           8       0.23      0.38      0.29       182
           9       0.29      0.23      0.26       380
          10       0.25      0.21      0.23       359
          11       0.66      0.52      0.58       378
          12       0.08      0.18      0.11       129
          13       0.19      0.24      0.21       152
          14       0.50      0.45      0.47       339
          15       0.95      0.93      0.94       305
          16       0.98      0.96      0.97       304
          17       0.70      0.97      0.81       218
          18       0.09      0.08      0.09       178
          19       0.63      0.71      0.67       264
          20       0.64      0.59      0.62       327
          21       0.69      0.53      0.60       773
          22       0.56      0.52      0.54       319
          23       0.57      0.68      0.62       250
          24       0.62      0.45      0.52       414
          25       0.52      0.69      0.59       226
          26       0.00      0.00      0.00         0

    accuracy                           0.50      9305
   macro avg       0.48      0.48      0.48      9305
weighted avg       0.52      0.50      0.50      9305
