              precision    recall  f1-score   support

           0       0.48      0.25      0.33      1789
           1       0.97      0.96      0.97       303
           2       0.54      0.65      0.59       248
           3       0.31      0.41      0.35       521
           4       0.33      0.48      0.39       210
           5       0.36      0.47      0.40       230
           6       0.33      0.62      0.43       378
           7       0.27      0.24      0.25       348
           8       0.26      0.35      0.30       221
           9       0.30      0.28      0.29       315
          10       0.22      0.26      0.24       256
          11       0.59      0.68      0.63       263
          12       0.21      0.22      0.21       296
          13       0.40      0.19      0.26       396
          14       0.49      0.50      0.49       298
          15       0.95      0.94      0.95       303
          16       0.98      0.98      0.98       300
          17       0.75      0.92      0.83       246
          18       0.15      0.14      0.15       183
          19       0.70      0.79      0.74       268
          20       0.63      0.69      0.66       274
          21       0.53      0.65      0.58       479
          22       0.52      0.60      0.56       258
          23       0.60      0.68      0.64       266
          24       0.60      0.55      0.57       327
          25       0.61      0.64      0.63       285
          26       0.00      0.00      0.00        44

    accuracy                           0.49      9305
   macro avg       0.48      0.52      0.50      9305
weighted avg       0.50      0.49      0.48      9305
