              precision    recall  f1-score   support

           0       0.54      0.25      0.34      2054
           1       0.98      0.94      0.96       314
           2       0.61      0.64      0.62       289
           3       0.29      0.41      0.34       498
           4       0.44      0.41      0.43       316
           5       0.44      0.46      0.45       285
           6       0.31      0.59      0.41       376
           7       0.28      0.25      0.26       338
           8       0.25      0.32      0.28       231
           9       0.27      0.38      0.31       209
          10       0.24      0.30      0.27       243
          11       0.62      0.64      0.63       294
          12       0.15      0.21      0.18       215
          13       0.41      0.22      0.29       348
          14       0.47      0.51      0.49       280
          15       0.96      0.94      0.95       306
          16       0.98      0.99      0.98       297
          17       0.76      0.89      0.82       255
          18       0.12      0.17      0.14       119
          19       0.71      0.78      0.74       274
          20       0.58      0.73      0.65       239
          21       0.44      0.67      0.53       388
          22       0.55      0.57      0.56       286
          23       0.58      0.74      0.65       235
          24       0.60      0.55      0.57       327
          25       0.56      0.71      0.63       238
          26       0.00      0.00      0.00        51

    accuracy                           0.49      9305
   macro avg       0.49      0.53      0.50      9305
weighted avg       0.52      0.49      0.49      9305
