              precision    recall  f1-score   support

           0       0.42      0.39      0.40      1012
           1       0.98      0.93      0.96       316
           2       0.69      0.58      0.63       354
           3       0.42      0.36      0.39       806
           4       0.41      0.41      0.41       297
           5       0.32      0.51      0.39       192
           6       0.43      0.55      0.48       564
           7       0.35      0.23      0.28       457
           8       0.23      0.34      0.28       200
           9       0.27      0.31      0.29       259
          10       0.20      0.28      0.23       211
          11       0.67      0.61      0.64       331
          12       0.17      0.22      0.19       241
          13       0.37      0.19      0.25       370
          14       0.46      0.46      0.46       300
          15       0.96      0.92      0.94       311
          16       0.98      0.99      0.99       296
          17       0.75      0.93      0.83       243
          18       0.05      0.17      0.07        48
          19       0.65      0.77      0.71       252
          20       0.64      0.65      0.65       294
          21       0.60      0.59      0.60       597
          22       0.55      0.58      0.56       288
          23       0.60      0.69      0.64       264
          24       0.63      0.51      0.57       369
          25       0.64      0.63      0.64       301
          26       1.00      0.01      0.02       132

    accuracy                           0.51      9305
   macro avg       0.54      0.51      0.50      9305
weighted avg       0.53      0.51      0.51      9305
