              precision    recall  f1-score   support

           0       0.54      0.25      0.34      2033
           1       0.98      0.95      0.96       311
           2       0.60      0.66      0.63       270
           3       0.30      0.41      0.34       516
           4       0.43      0.39      0.41       328
           5       0.42      0.49      0.45       254
           6       0.35      0.58      0.44       435
           7       0.29      0.23      0.25       391
           8       0.27      0.36      0.31       223
           9       0.29      0.33      0.31       262
          10       0.23      0.30      0.26       235
          11       0.59      0.65      0.62       275
          12       0.12      0.25      0.16       143
          13       0.35      0.28      0.31       235
          14       0.47      0.54      0.50       264
          15       0.95      0.94      0.95       304
          16       0.98      0.98      0.98       301
          17       0.77      0.87      0.82       266
          18       0.10      0.16      0.12       100
          19       0.68      0.86      0.76       235
          20       0.64      0.70      0.67       272
          21       0.52      0.66      0.58       457
          22       0.53      0.59      0.56       270
          23       0.61      0.70      0.65       260
          24       0.61      0.56      0.59       325
          25       0.59      0.73      0.65       241
          26       0.00      0.00      0.00        99

    accuracy                           0.50      9305
   macro avg       0.49      0.53      0.50      9305
weighted avg       0.52      0.50      0.49      9305
