              precision    recall  f1-score   support

           0       0.43      0.33      0.37      1238
           1       0.98      0.97      0.98       304
           2       0.60      0.57      0.58       313
           3       0.33      0.40      0.36       586
           4       0.40      0.37      0.39       322
           5       0.37      0.40      0.38       280
           6       0.35      0.56      0.43       452
           7       0.26      0.23      0.24       351
           8       0.25      0.29      0.27       255
           9       0.41      0.20      0.27       609
          10       0.17      0.27      0.21       192
          11       0.59      0.68      0.63       260
          12       0.18      0.21      0.19       252
          13       0.32      0.23      0.26       266
          14       0.50      0.46      0.48       324
          15       0.94      0.92      0.93       307
          16       0.98      0.99      0.98       297
          17       0.76      0.87      0.81       261
          18       0.12      0.12      0.12       169
          19       0.65      0.83      0.73       233
          20       0.58      0.64      0.61       272
          21       0.57      0.61      0.59       548
          22       0.57      0.55      0.56       308
          23       0.53      0.74      0.62       214
          24       0.65      0.54      0.59       362
          25       0.64      0.63      0.64       303
          26       0.00      0.00      0.00        27

    accuracy                           0.50      9305
   macro avg       0.49      0.50      0.49      9305
weighted avg       0.50      0.50      0.49      9305
