              precision    recall  f1-score   support

           0       0.00      0.00      0.00         0
           1       0.00      0.00      0.00         0
           2       0.00      0.00      0.00         0
           3       0.00      0.00      0.00         0
           4       0.00      0.00      0.00         0
           5       0.00      0.00      0.00         0
           6       0.00      0.00      0.00         0
           7       0.00      0.00      0.00         0
           8       0.07      0.04      0.05       542
           9       0.00      0.00      0.00         0
          10       0.01      0.11      0.01        18
          11       0.00      0.00      0.00         0
          12       0.00      0.00      0.00         0
          13       0.00      0.00      0.00         0
          14       0.00      0.00      0.00         0
          15       0.00      0.00      0.00         0
          16       0.00      0.00      0.00         0
          17       0.00      0.00      0.00         0
          18       0.00      0.00      0.00         0
          19       0.00      0.00      0.00         0
          20       0.00      0.00      0.00         0
          21       0.80      0.08      0.14      6155
          22       0.00      0.00      0.00         0
          23       0.00      0.00      0.00         0
          24       0.05      0.01      0.01      2269
          25       0.00      0.00      0.00       321
          26       0.00      0.00      0.00         0

    accuracy                           0.05      9305
   macro avg       0.03      0.01      0.01      9305
weighted avg       0.54      0.05      0.10      9305
