              precision    recall  f1-score   support

           0       0.46      0.31      0.37      1407
           1       0.98      0.96      0.97       305
           2       0.66      0.58      0.62       344
           3       0.40      0.36      0.38       795
           4       0.37      0.39      0.38       286
           5       0.37      0.47      0.41       236
           6       0.40      0.53      0.46       541
           7       0.30      0.24      0.26       373
           8       0.24      0.32      0.28       223
           9       0.25      0.30      0.27       249
          10       0.20      0.28      0.23       216
          11       0.61      0.64      0.62       283
          12       0.18      0.19      0.18       283
          13       0.30      0.20      0.24       283
          14       0.49      0.50      0.50       293
          15       0.96      0.94      0.95       306
          16       0.98      0.97      0.98       302
          17       0.74      0.93      0.83       238
          18       0.07      0.17      0.09        64
          19       0.63      0.87      0.73       216
          20       0.64      0.63      0.63       305
          21       0.53      0.61      0.57       511
          22       0.56      0.52      0.54       320
          23       0.58      0.70      0.64       248
          24       0.64      0.52      0.58       366
          25       0.60      0.68      0.63       262
          26       1.00      0.02      0.04        50

    accuracy                           0.50      9305
   macro avg       0.52      0.51      0.50      9305
weighted avg       0.51      0.50      0.50      9305
