              precision    recall  f1-score   support

           0       0.46      0.20      0.28      2191
           1       0.86      0.47      0.61       544
           2       0.60      0.53      0.56       337
           3       0.31      0.35      0.33       606
           4       0.31      0.38      0.34       245
           5       0.29      0.35      0.32       244
           6       0.28      0.44      0.34       456
           7       0.10      0.14      0.12       225
           8       0.25      0.33      0.29       224
           9       0.25      0.33      0.29       232
          10       0.17      0.25      0.21       206
          11       0.36      0.40      0.38       272
          12       0.13      0.16      0.14       239
          13       0.15      0.23      0.18       121
          14       0.46      0.46      0.46       300
          15       0.85      0.91      0.88       282
          16       0.89      0.92      0.91       291
          17       0.50      0.88      0.63       170
          18       0.00      0.00      0.00        53
          19       0.38      0.64      0.48       178
          20       0.58      0.59      0.58       296
          21       0.33      0.38      0.35       506
          22       0.34      0.35      0.34       290
          23       0.44      0.63      0.52       211
          24       0.51      0.42      0.46       365
          25       0.44      0.66      0.53       200
          26       0.00      0.00      0.00        21

    accuracy                           0.40      9305
   macro avg       0.38      0.42      0.39      9305
weighted avg       0.44      0.40      0.40      9305
