              precision    recall  f1-score   support

           0       0.22      1.00      0.36       873
           1       0.00      0.00      0.00        59
           2       0.00      0.00      0.00        98
           3       0.00      0.00      0.00       620
           4       0.00      0.00      0.00       170
           6       0.00      0.00      0.00       627
           7       0.00      0.00      0.00       244
           8       0.00      0.00      0.00         9
           9       0.00      0.00      0.00        10
          10       0.00      0.00      0.00        20
          11       0.00      0.00      0.00        84
          12       0.00      0.00      0.00       113
          14       0.00      0.00      0.00        10
          16       0.00      0.00      0.00        49
          17       0.00      0.00      0.00        12
          18       0.00      0.00      0.00         5
          19       0.00      0.00      0.00        15
          20       0.00      0.00      0.00        17
          21       0.00      0.00      0.00        11
          22       0.00      0.00      0.00       480
          23       0.00      0.00      0.00       205
          24       0.00      0.00      0.00        24
          25       0.00      0.00      0.00       103
          26       0.00      0.00      0.00       140
          27       0.00      0.00      0.00         2

    accuracy                           0.22      4000
   macro avg       0.01      0.04      0.01      4000
weighted avg       0.05      0.22      0.08      4000
