              precision    recall  f1-score   support

           0       0.64      0.18      0.28      3319
           1       0.94      0.96      0.95       292
           2       0.53      0.63      0.58       249
           3       0.25      0.39      0.30       450
           4       0.33      0.41      0.37       243
           5       0.34      0.51      0.41       202
           6       0.32      0.53      0.40       430
           7       0.15      0.24      0.19       194
           8       0.24      0.38      0.29       190
           9       0.26      0.23      0.25       337
          10       0.00      0.00      0.00         0
          11       0.48      0.76      0.59       190
          12       0.10      0.22      0.13       133
          13       0.07      0.21      0.11        68
          14       0.44      0.50      0.47       264
          15       0.92      0.90      0.91       307
          16       0.94      0.95      0.94       297
          17       0.71      0.95      0.81       224
          18       0.04      0.09      0.06        79
          19       0.56      0.87      0.68       193
          20       0.56      0.67      0.61       251
          21       0.40      0.62      0.48       376
          22       0.56      0.54      0.55       311
          23       0.53      0.75      0.62       211
          24       0.58      0.56      0.57       307
          25       0.47      0.76      0.58       187
          26       0.00      0.00      0.00         1

    accuracy                           0.45      9305
   macro avg       0.42      0.51      0.45      9305
weighted avg       0.54      0.45      0.44      9305
