              precision    recall  f1-score   support

           0       0.48      0.25      0.33      1771
           1       0.97      0.94      0.96       310
           2       0.63      0.61      0.62       313
           3       0.35      0.43      0.38       569
           4       0.46      0.38      0.42       361
           5       0.37      0.50      0.42       220
           6       0.33      0.62      0.43       387
           7       0.27      0.22      0.24       369
           8       0.24      0.35      0.28       208
           9       0.26      0.33      0.29       243
          10       0.26      0.27      0.26       298
          11       0.61      0.69      0.65       262
          12       0.18      0.24      0.21       231
          13       0.36      0.21      0.26       328
          14       0.48      0.51      0.50       283
          15       0.95      0.94      0.95       304
          16       0.98      1.00      0.99       295
          17       0.75      0.97      0.84       232
          18       0.10      0.11      0.11       151
          19       0.68      0.86      0.76       239
          20       0.67      0.65      0.66       309
          21       0.50      0.64      0.56       463
          22       0.53      0.59      0.55       270
          23       0.58      0.75      0.65       231
          24       0.62      0.57      0.59       327
          25       0.62      0.69      0.65       270
          26       1.00      0.02      0.03        61

    accuracy                           0.50      9305
   macro avg       0.53      0.53      0.50      9305
weighted avg       0.51      0.50      0.49      9305
