              precision    recall  f1-score   support

           0       0.44      0.30      0.35      1382
           1       0.97      0.94      0.96       309
           2       0.67      0.60      0.63       332
           3       0.38      0.38      0.38       702
           4       0.42      0.40      0.41       321
           5       0.41      0.49      0.45       249
           6       0.41      0.53      0.46       547
           7       0.30      0.22      0.26       402
           8       0.25      0.34      0.29       220
           9       0.25      0.32      0.28       241
          10       0.24      0.27      0.25       274
          11       0.60      0.66      0.63       273
          12       0.17      0.21      0.19       248
          13       0.36      0.23      0.28       301
          14       0.49      0.49      0.49       295
          15       0.95      0.94      0.95       304
          16       0.98      0.99      0.98       297
          17       0.75      0.95      0.84       237
          18       0.08      0.18      0.11        73
          19       0.72      0.76      0.74       283
          20       0.66      0.65      0.65       304
          21       0.53      0.63      0.57       488
          22       0.52      0.60      0.56       258
          23       0.61      0.69      0.65       266
          24       0.63      0.52      0.57       361
          25       0.63      0.67      0.65       282
          26       1.00      0.02      0.04        56

    accuracy                           0.51      9305
   macro avg       0.53      0.52      0.50      9305
weighted avg       0.52      0.51      0.50      9305
