              precision    recall  f1-score   support

           0       0.48      0.25      0.33      1818
           1       0.98      0.94      0.96       312
           2       0.66      0.61      0.63       325
           3       0.33      0.40      0.36       580
           4       0.38      0.39      0.38       298
           5       0.38      0.49      0.42       232
           6       0.36      0.59      0.45       442
           7       0.30      0.22      0.26       396
           8       0.25      0.36      0.30       207
           9       0.32      0.28      0.30       337
          10       0.21      0.27      0.24       234
          11       0.60      0.63      0.62       282
          12       0.17      0.21      0.19       237
          13       0.36      0.21      0.26       323
          14       0.44      0.53      0.48       249
          15       0.95      0.93      0.94       306
          16       0.98      0.99      0.98       298
          17       0.76      0.90      0.82       251
          18       0.10      0.14      0.11       112
          19       0.69      0.79      0.73       261
          20       0.64      0.66      0.65       289
          21       0.45      0.66      0.54       402
          22       0.55      0.61      0.58       273
          23       0.60      0.66      0.63       274
          24       0.59      0.57      0.58       308
          25       0.60      0.72      0.65       249
          26       0.00      0.00      0.00        10

    accuracy                           0.50      9305
   macro avg       0.49      0.52      0.50      9305
weighted avg       0.50      0.50      0.49      9305
