              precision    recall  f1-score   support

           0       0.41      0.33      0.36      1170
           1       0.98      0.94      0.96       313
           2       0.66      0.57      0.61       352
           3       0.33      0.38      0.35       598
           4       0.44      0.43      0.43       307
           5       0.36      0.51      0.42       210
           6       0.41      0.51      0.45       578
           7       0.28      0.21      0.24       402
           8       0.18      0.26      0.21       205
           9       0.26      0.29      0.27       272
          10       0.13      0.23      0.17       168
          11       0.67      0.62      0.64       321
          12       0.09      0.17      0.11       153
          13       0.29      0.14      0.19       377
          14       0.51      0.43      0.47       352
          15       0.94      0.94      0.94       298
          16       0.98      0.99      0.98       297
          17       0.75      0.95      0.83       237
          18       0.05      0.08      0.06       101
          19       0.62      0.83      0.71       224
          20       0.64      0.64      0.64       299
          21       0.56      0.59      0.58       553
          22       0.55      0.58      0.56       285
          23       0.58      0.68      0.63       256
          24       0.64      0.52      0.57       374
          25       0.62      0.67      0.64       275
          26       1.00      0.00      0.01       328

    accuracy                           0.49      9305
   macro avg       0.51      0.50      0.48      9305
weighted avg       0.52      0.49      0.48      9305
