              precision    recall  f1-score   support

           0       0.45      0.30      0.36      1380
           1       0.96      0.97      0.96       295
           2       0.65      0.61      0.63       319
           3       0.36      0.28      0.31       892
           4       0.35      0.43      0.39       244
           5       0.33      0.71      0.45       139
           6       0.37      0.52      0.43       511
           7       0.00      0.00      0.00         0
           8       0.26      0.32      0.29       242
           9       0.20      0.22      0.21       266
          10       0.00      0.00      0.00         0
          11       0.64      0.66      0.65       293
          12       0.24      0.15      0.19       460
          13       0.02      0.16      0.04        25
          14       0.37      0.47      0.41       240
          15       0.00      0.00      0.00       665
          16       0.90      0.96      0.93       281
          17       0.97      1.00      0.98       293
          18       0.76      0.97      0.85       237
          19       0.09      0.17      0.12       169
          20       0.60      0.93      0.73       193
          21       0.45      0.75      0.57       181
          22       0.67      0.64      0.66       608
          23       0.58      0.59      0.59       293
          24       0.52      0.72      0.60       216
          25       0.66      0.51      0.57       393
          26       0.47      0.78      0.59       180
          27       0.00      0.00      0.00       393

    accuracy                           0.46      9408
   macro avg       0.42      0.49      0.45      9408
weighted avg       0.45      0.46      0.45      9408
