              precision    recall  f1-score   support

           0       0.00      0.00      0.00         0
           1       0.11      0.83      0.20        41
           2       0.40      0.64      0.49       189
           3       0.00      0.00      0.00         0
           4       0.00      0.00      0.00         0
           5       0.00      0.00      0.00         0
           6       0.89      0.11      0.19      5878
           7       0.00      0.00      0.00         0
           8       0.00      0.00      0.00         0
           9       0.00      0.00      0.00         0
          10       0.00      0.00      0.00         0
          11       0.00      0.00      0.00        12
          12       0.08      0.09      0.09       279
          13       0.00      0.00      0.00         0
          14       0.00      0.00      0.00         0
          15       0.78      0.93      0.85       252
          16       0.86      0.94      0.90       274
          17       0.39      0.99      0.56       117
          18       0.00      0.00      0.00         0
          19       0.06      0.25      0.09        68
          20       0.00      0.00      0.00        10
          21       0.68      0.18      0.29      2185
          22       0.00      0.00      0.00         0
          23       0.00      0.00      0.00         0
          24       0.00      0.00      0.00         0
          25       0.00      0.00      0.00         0
          26       0.00      0.00      0.00         0

    accuracy                           0.20      9305
   macro avg       0.16      0.18      0.14      9305
weighted avg       0.78      0.20      0.26      9305
