              precision    recall  f1-score   support

           0       0.49      0.28      0.36      1640
           1       0.97      0.94      0.95       310
           2       0.67      0.57      0.62       350
           3       0.30      0.40      0.35       532
           4       0.45      0.38      0.41       359
           5       0.42      0.44      0.43       284
           6       0.35      0.62      0.44       399
           7       0.24      0.26      0.25       280
           8       0.26      0.34      0.29       226
           9       0.28      0.27      0.27       304
          10       0.25      0.26      0.26       280
          11       0.63      0.66      0.65       288
          12       0.17      0.23      0.20       222
          13       0.21      0.16      0.19       243
          14       0.46      0.55      0.50       253
          15       0.95      0.93      0.94       305
          16       0.98      0.98      0.98       298
          17       0.74      0.97      0.84       230
          18       0.06      0.11      0.08        92
          19       0.64      0.87      0.74       221
          20       0.64      0.67      0.65       285
          21       0.52      0.64      0.58       477
          22       0.51      0.60      0.55       252
          23       0.57      0.70      0.63       247
          24       0.62      0.54      0.57       345
          25       0.58      0.67      0.62       258
          26       1.00      0.00      0.01       325

    accuracy                           0.49      9305
   macro avg       0.52      0.52      0.49      9305
weighted avg       0.52      0.49      0.48      9305
