              precision    recall  f1-score   support

           0       0.41      0.38      0.39      1032
           1       0.98      0.93      0.95       318
           2       0.75      0.56      0.64       402
           3       0.45      0.27      0.34      1158
           4       0.43      0.44      0.43       292
           5       0.30      0.40      0.34       230
           6       0.43      0.49      0.46       624
           7       0.22      0.18      0.20       371
           8       0.22      0.30      0.25       222
           9       0.01      0.20      0.01        10
          10       0.00      0.00      0.00         5
          11       0.67      0.58      0.62       344
          12       0.11      0.23      0.15       140
          13       0.26      0.15      0.19       327
          14       0.43      0.43      0.43       301
          15       0.96      0.93      0.94       308
          16       0.98      0.99      0.98       298
          17       0.75      0.93      0.83       241
          18       0.05      0.07      0.06       109
          19       0.61      0.88      0.72       210
          20       0.65      0.62      0.64       314
          21       0.67      0.58      0.62       682
          22       0.60      0.56      0.58       321
          23       0.62      0.67      0.65       276
          24       0.64      0.52      0.58       370
          25       0.63      0.66      0.64       284
          26       0.00      0.00      0.00       116

    accuracy                           0.50      9305
   macro avg       0.47      0.48      0.47      9305
weighted avg       0.53      0.50      0.51      9305
