              precision    recall  f1-score   support

           0       0.48      0.26      0.33      1755
           1       0.95      0.97      0.96       293
           2       0.52      0.67      0.58       231
           3       0.22      0.40      0.28       388
           4       0.36      0.47      0.41       232
           5       0.33      0.62      0.43       158
           6       0.26      0.67      0.37       273
           7       0.34      0.19      0.24       541
           8       0.18      0.48      0.27       115
           9       0.22      0.28      0.24       240
          10       0.21      0.27      0.24       235
          11       0.52      0.70      0.60       220
          12       0.13      0.23      0.16       163
          13       0.29      0.12      0.17       445
          14       0.45      0.57      0.50       237
          15       0.93      0.96      0.94       290
          16       0.97      0.99      0.98       296
          17       0.70      0.98      0.82       214
          18       0.07      0.12      0.08        91
          19       0.57      0.93      0.70       183
          20       0.53      0.78      0.63       203
          21       0.43      0.65      0.52       390
          22       0.51      0.59      0.55       259
          23       0.44      0.77      0.56       171
          24       0.61      0.55      0.58       331
          25       0.51      0.77      0.61       197
          26       0.00      0.00      0.00      1154

    accuracy                           0.44      9305
   macro avg       0.43      0.55      0.47      9305
weighted avg       0.41      0.44      0.40      9305
