              precision    recall  f1-score   support

           0       0.55      0.24      0.33      2172
           1       0.98      0.89      0.93       329
           2       0.61      0.60      0.61       307
           3       0.28      0.40      0.33       491
           4       0.42      0.39      0.41       321
           5       0.35      0.50      0.41       206
           6       0.35      0.60      0.44       420
           7       0.25      0.24      0.24       317
           8       0.21      0.34      0.26       186
           9       0.26      0.28      0.27       274
          10       0.21      0.30      0.25       213
          11       0.59      0.62      0.61       285
          12       0.15      0.24      0.18       186
          13       0.23      0.21      0.22       211
          14       0.44      0.51      0.48       260
          15       0.96      0.93      0.94       308
          16       0.98      0.98      0.98       302
          17       0.75      0.89      0.81       252
          18       0.05      0.13      0.07        62
          19       0.60      0.87      0.71       206
          20       0.62      0.70      0.65       265
          21       0.55      0.64      0.59       503
          22       0.58      0.56      0.57       307
          23       0.54      0.76      0.63       213
          24       0.60      0.56      0.58       324
          25       0.58      0.66      0.62       265
          26       1.00      0.01      0.02       120

    accuracy                           0.49      9305
   macro avg       0.51      0.52      0.49      9305
weighted avg       0.53      0.49      0.48      9305
