              precision    recall  f1-score   support

           0       0.42      0.32      0.36      1260
           1       0.98      0.96      0.97       304
           2       0.67      0.59      0.63       340
           3       0.32      0.36      0.34       606
           4       0.40      0.38      0.39       314
           5       0.35      0.48      0.41       220
           6       0.37      0.54      0.44       485
           7       0.31      0.18      0.22       527
           8       0.28      0.26      0.27       325
           9       0.30      0.31      0.31       295
          10       0.20      0.26      0.23       224
          11       0.56      0.66      0.61       258
          12       0.14      0.23      0.18       184
          13       0.30      0.17      0.22       320
          14       0.45      0.48      0.46       281
          15       0.96      0.95      0.96       301
          16       0.98      0.99      0.99       296
          17       0.72      0.96      0.82       224
          18       0.12      0.14      0.13       144
          19       0.66      0.80      0.72       247
          20       0.56      0.73      0.64       232
          21       0.57      0.63      0.60       537
          22       0.61      0.52      0.56       356
          23       0.54      0.72      0.62       224
          24       0.70      0.52      0.60       404
          25       0.63      0.61      0.62       308
          26       0.00      0.00      0.00        89

    accuracy                           0.49      9305
   macro avg       0.48      0.51      0.49      9305
weighted avg       0.49      0.49      0.49      9305
