              precision    recall  f1-score   support

           0       0.45      0.29      0.35      1488
           1       0.97      0.95      0.96       306
           2       0.64      0.62      0.63       313
           3       0.33      0.40      0.36       585
           4       0.43      0.40      0.41       320
           5       0.37      0.56      0.45       200
           6       0.35      0.60      0.44       414
           7       0.27      0.25      0.26       325
           8       0.24      0.36      0.29       196
           9       0.27      0.33      0.30       245
          10       0.23      0.27      0.25       258
          11       0.60      0.66      0.63       273
          12       0.20      0.21      0.21       281
          13       0.43      0.17      0.25       463
          14       0.47      0.53      0.50       268
          15       0.95      0.93      0.94       307
          16       0.98      0.99      0.98       298
          17       0.75      0.93      0.83       241
          18       0.14      0.16      0.15       146
          19       0.70      0.78      0.74       271
          20       0.68      0.58      0.63       354
          21       0.52      0.64      0.57       476
          22       0.50      0.61      0.55       247
          23       0.59      0.74      0.66       239
          24       0.69      0.53      0.60       389
          25       0.64      0.68      0.66       283
          26       0.00      0.00      0.00       119

    accuracy                           0.50      9305
   macro avg       0.50      0.52      0.50      9305
weighted avg       0.51      0.50      0.49      9305
