              precision    recall  f1-score   support

           0       0.35      0.37      0.36       890
           1       0.93      0.96      0.95       291
           2       0.78      0.45      0.57       518
           3       0.24      0.40      0.30       408
           4       0.11      0.48      0.18        69
           5       0.33      0.50      0.40       202
           6       0.40      0.50      0.44       581
           7       0.25      0.15      0.19       510
           8       0.11      0.12      0.11       280
           9       0.30      0.18      0.23       489
          10       0.15      0.20      0.17       229
          11       0.56      0.54      0.55       315
          12       0.13      0.15      0.14       260
          13       0.27      0.14      0.18       369
          14       0.45      0.42      0.43       318
          15       0.93      0.91      0.92       304
          16       0.94      0.93      0.93       304
          17       0.72      0.97      0.82       222
          18       0.08      0.04      0.05       350
          19       0.50      0.85      0.63       177
          20       0.68      0.52      0.59       390
          21       0.53      0.61      0.57       510
          22       0.44      0.62      0.51       213
          23       0.50      0.70      0.59       216
          24       0.69      0.46      0.55       446
          25       0.65      0.59      0.62       330
          26       0.00      0.00      0.00       114

    accuracy                           0.45      9305
   macro avg       0.45      0.47      0.44      9305
weighted avg       0.46      0.45      0.44      9305
