              precision    recall  f1-score   support

           0       0.31      0.52      0.39       566
           1       0.96      0.99      0.97       291
           2       0.64      0.59      0.61       328
           3       0.32      0.31      0.32       729
           4       0.41      0.41      0.41       301
           5       0.31      0.66      0.42       139
           6       0.27      0.57      0.37       328
           7       0.34      0.20      0.25       497
           8       0.13      0.26      0.18       152
           9       0.17      0.22      0.19       223
          10       0.01      0.17      0.02        23
          11       0.50      0.73      0.59       205
          12       0.22      0.18      0.19       369
          13       0.13      0.17      0.15       181
          14       0.37      0.39      0.38       280
          15       0.00      0.00      0.00       259
          16       0.91      0.96      0.93       282
          17       0.94      0.98      0.96       288
          18       0.76      0.98      0.85       231
          19       0.43      0.40      0.41       317
          20       0.57      0.93      0.71       183
          21       0.38      0.61      0.47       186
          22       0.47      0.70      0.56       374
          23       0.50      0.60      0.55       252
          24       0.53      0.78      0.63       203
          25       0.54      0.59      0.56       277
          26       0.47      0.78      0.59       183
          27       1.00      0.00      0.00      1799

    accuracy                           0.43      9446
   macro avg       0.45      0.53      0.45      9446
weighted avg       0.54      0.43      0.38      9446
