              precision    recall  f1-score   support

           0       0.45      0.30      0.36      1407
           1       0.95      0.97      0.96       294
           2       0.73      0.54      0.62       405
           3       0.34      0.40      0.37       603
           4       0.43      0.38      0.40       338
           5       0.41      0.41      0.41       303
           6       0.41      0.55      0.47       536
           7       0.31      0.24      0.27       391
           8       0.24      0.39      0.30       187
           9       0.27      0.30      0.29       267
          10       0.21      0.28      0.24       223
          11       0.59      0.63      0.61       283
          12       0.16      0.23      0.19       210
          13       0.36      0.19      0.25       363
          14       0.45      0.50      0.47       273
          15       0.95      0.93      0.94       304
          16       0.98      0.98      0.98       299
          17       0.74      0.94      0.83       236
          18       0.10      0.12      0.11       143
          19       0.64      0.86      0.73       223
          20       0.66      0.62      0.64       319
          21       0.57      0.61      0.59       544
          22       0.52      0.59      0.55       266
          23       0.56      0.72      0.63       233
          24       0.65      0.57      0.61       342
          25       0.60      0.68      0.64       263
          26       1.00      0.02      0.04        50

    accuracy                           0.51      9305
   macro avg       0.53      0.52      0.50      9305
weighted avg       0.51      0.51      0.50      9305
