              precision    recall  f1-score   support

           0       0.36      0.59      0.45       945
           1       0.98      0.96      0.97       300
           2       0.51      0.76      0.61       300
           3       0.29      0.46      0.36       699
           4       0.42      0.31      0.36       300
           5       0.40      0.29      0.34       300
           6       0.40      0.53      0.45       698
           7       0.27      0.13      0.18       300
           8       0.41      0.12      0.18       300
           9       0.31      0.10      0.15       300
          10       0.36      0.10      0.16       300
          11       0.59      0.64      0.62       300
          12       0.25      0.05      0.08       300
          13       0.38      0.10      0.16       243
          14       0.46      0.28      0.35       300
          16       0.95      0.95      0.95       300
          17       0.99      0.96      0.97       300
          18       0.98      0.79      0.88       300
          19       0.39      0.26      0.31       300
          20       0.87      0.63      0.73       300
          21       0.47      0.54      0.50       300
          22       0.54      0.73      0.62       561
          23       0.59      0.65      0.62       300
          24       0.66      0.63      0.65       300
          25       0.53      0.71      0.60       300
          26       0.62      0.58      0.60       299
          27       0.00      0.00      0.00         1

    accuracy                           0.51      9446
   macro avg       0.52      0.48      0.48      9446
weighted avg       0.51      0.51      0.49      9446
