              precision    recall  f1-score   support

           0       0.43      0.30      0.35      1322
           1       0.91      0.94      0.92       289
           2       0.67      0.51      0.57       396
           3       0.32      0.34      0.33       659
           4       0.27      0.32      0.29       256
           5       0.27      0.72      0.39       113
           6       0.38      0.52      0.44       519
           7       0.26      0.19      0.22       402
           8       0.18      0.29      0.22       192
           9       0.09      0.19      0.12       143
          10       0.17      0.27      0.21       191
          11       0.53      0.61      0.57       260
          12       0.19      0.14      0.16       397
          13       0.26      0.13      0.18       371
          14       0.46      0.39      0.43       354
          15       0.94      0.96      0.95       294
          16       0.95      0.99      0.97       288
          17       0.70      0.94      0.80       222
          18       0.24      0.11      0.15       355
          19       0.54      0.91      0.68       178
          20       0.22      0.53      0.31       122
          21       0.62      0.57      0.59       639
          22       0.58      0.52      0.55       333
          23       0.64      0.59      0.62       324
          24       0.65      0.51      0.57       381
          25       0.57      0.73      0.64       233
          26       0.00      0.00      0.00        72

    accuracy                           0.46      9305
   macro avg       0.45      0.49      0.45      9305
weighted avg       0.47      0.46      0.45      9305
