              precision    recall  f1-score   support

           0       0.68      0.19      0.30      3288
           1       0.95      0.96      0.96       297
           2       0.46      0.70      0.56       197
           3       0.23      0.41      0.29       398
           4       0.38      0.43      0.40       265
           5       0.33      0.57      0.42       173
           6       0.36      0.60      0.45       435
           7       0.23      0.25      0.24       274
           8       0.20      0.38      0.26       159
           9       0.20      0.34      0.25       174
          10       0.19      0.28      0.23       203
          11       0.57      0.70      0.63       243
          12       0.14      0.23      0.17       178
          13       0.13      0.24      0.17        99
          14       0.40      0.46      0.43       262
          15       0.95      0.96      0.95       297
          16       0.98      1.00      0.99       294
          17       0.75      0.97      0.84       231
          18       0.10      0.17      0.13       102
          19       0.54      0.94      0.68       173
          20       0.55      0.75      0.63       220
          21       0.46      0.63      0.53       433
          22       0.47      0.60      0.53       235
          23       0.53      0.79      0.64       203
          24       0.55      0.59      0.57       282
          25       0.50      0.78      0.61       190
          26       0.00      0.00      0.00         0

    accuracy                           0.47      9305
   macro avg       0.44      0.55      0.48      9305
weighted avg       0.55      0.47      0.45      9305
