              precision    recall  f1-score   support

           0       0.49      0.30      0.37      1541
           1       0.97      0.94      0.96       308
           2       0.60      0.59      0.60       303
           3       0.25      0.42      0.31       416
           4       0.44      0.40      0.42       329
           5       0.38      0.50      0.43       227
           6       0.39      0.56      0.46       509
           7       0.23      0.23      0.23       301
           8       0.27      0.31      0.29       258
           9       0.27      0.26      0.26       313
          10       0.27      0.26      0.26       312
          11       0.62      0.66      0.64       282
          12       0.16      0.20      0.18       236
          13       0.31      0.16      0.21       364
          14       0.52      0.49      0.50       318
          15       0.94      0.94      0.94       302
          16       0.98      1.00      0.99       293
          17       0.75      0.90      0.82       248
          18       0.07      0.14      0.09        79
          19       0.63      0.87      0.73       216
          20       0.66      0.59      0.62       339
          21       0.56      0.63      0.59       518
          22       0.55      0.56      0.55       292
          23       0.59      0.72      0.64       246
          24       0.65      0.53      0.58       371
          25       0.64      0.63      0.64       301
          26       1.00      0.01      0.02        83

    accuracy                           0.50      9305
   macro avg       0.52      0.51      0.49      9305
weighted avg       0.51      0.50      0.49      9305
