              precision    recall  f1-score   support

           0       0.51      0.20      0.29      2379
           1       0.95      0.98      0.96       291
           2       0.00      0.00      0.00         0
           3       0.28      0.29      0.28       662
           4       0.27      0.37      0.32       220
           5       0.30      0.57      0.40       159
           6       0.32      0.37      0.34       618
           7       0.00      0.00      0.00         0
           8       0.21      0.32      0.25       202
           9       0.12      0.30      0.17       125
          10       0.14      0.27      0.18       154
          11       0.48      0.66      0.55       219
          12       0.27      0.19      0.22       421
          13       0.02      0.12      0.03        26
          14       0.37      0.40      0.39       279
          15       0.00      0.00      0.00        47
          16       0.86      0.92      0.89       282
          17       0.92      0.97      0.95       284
          18       0.60      0.95      0.73       188
          19       0.08      0.20      0.11       119
          20       0.55      0.90      0.68       183
          21       0.54      0.59      0.57       273
          22       0.47      0.65      0.55       418
          23       0.46      0.63      0.53       218
          24       0.43      0.65      0.52       199
          25       0.53      0.48      0.51       328
          26       0.46      0.71      0.56       195
          27       0.00      0.00      0.00       919

    accuracy                           0.40      9408
   macro avg       0.36      0.45      0.39      9408
weighted avg       0.41      0.40      0.38      9408
