              precision    recall  f1-score   support

           0       0.00      0.00      0.00         0
           1       0.00      0.00      0.00         0
           2       0.00      0.00      0.00         0
           3       0.57      0.19      0.28      2161
           4       0.00      0.00      0.00         0
           5       0.00      0.00      0.00         0
           6       0.27      0.17      0.21      1132
           7       0.00      0.00      0.00         0
           8       0.00      0.00      0.00         0
           9       0.00      0.00      0.00         0
          10       0.00      0.00      0.00         0
          11       0.00      0.00      0.00         0
          12       0.00      0.00      0.00         0
          13       0.00      0.00      0.00         0
          14       0.20      0.18      0.19       319
          15       0.78      0.91      0.84       256
          16       0.00      0.00      0.00         0
          17       0.00      0.00      0.00         0
          18       0.05      0.03      0.04       230
          19       0.80      0.06      0.12      3758
          20       0.00      0.00      0.00         0
          21       0.00      0.00      0.00         0
          22       0.00      0.00      0.00         0
          23       0.00      0.00      0.00         0
          24       0.00      0.00      0.00         0
          25       0.00      0.00      0.00         0
          26       0.00      0.00      0.00      1449

    accuracy                           0.12      9305
   macro avg       0.10      0.06      0.06      9305
weighted avg       0.52      0.12      0.17      9305
