              precision    recall  f1-score   support

           0       0.48      0.27      0.34      1669
           1       0.93      0.95      0.94       293
           2       0.52      0.62      0.56       252
           3       0.24      0.34      0.28       481
           4       0.41      0.41      0.41       300
           5       0.30      0.34      0.32       264
           6       0.42      0.47      0.44       649
           7       0.16      0.19      0.18       255
           8       0.08      0.30      0.13        80
           9       0.19      0.16      0.17       342
          10       0.08      0.27      0.13        93
          11       0.52      0.70      0.59       223
          12       0.03      0.11      0.04        71
          13       0.24      0.08      0.12       573
          14       0.56      0.37      0.44       462
          15       0.96      0.81      0.88       354
          16       0.96      0.94      0.95       307
          17       0.72      0.88      0.79       248
          18       0.04      0.17      0.06        36
          19       0.57      0.74      0.65       232
          20       0.61      0.61      0.61       301
          21       0.49      0.61      0.54       464
          22       0.50      0.42      0.46       352
          23       0.55      0.68      0.61       241
          24       0.60      0.53      0.56       341
          25       0.64      0.54      0.59       354
          26       0.00      0.00      0.00        68

    accuracy                           0.45      9305
   macro avg       0.44      0.46      0.44      9305
weighted avg       0.49      0.45      0.46      9305
