              precision    recall  f1-score   support

           0       0.48      0.30      0.37      1531
           1       0.65      0.97      0.78       202
           2       0.00      0.00      0.00         0
           3       0.47      0.26      0.33      1247
           4       0.24      0.39      0.30       187
           5       0.00      0.25      0.01         4
           6       0.30      0.28      0.29       763
           7       0.17      0.09      0.12       564
           8       0.02      0.15      0.03        33
           9       0.00      0.00      0.00        13
          10       0.02      0.21      0.03        24
          11       0.33      0.53      0.41       190
          12       0.01      0.06      0.02        70
          13       0.00      0.00      0.00         0
          14       0.33      0.19      0.24       527
          15       0.93      0.38      0.54       737
          16       0.79      0.99      0.88       241
          17       0.12      0.97      0.21        36
          18       0.07      0.08      0.07       140
          19       0.25      0.95      0.39        78
          20       0.36      0.36      0.36       301
          21       0.74      0.27      0.39      1619
          22       0.00      0.00      0.00         0
          23       0.41      0.73      0.52       168
          24       0.45      0.25      0.32       531
          25       0.13      0.93      0.23        43
          26       0.00      0.00      0.00        56

    accuracy                           0.32      9305
   macro avg       0.27      0.35      0.25      9305
weighted avg       0.49      0.32      0.36      9305
