              precision    recall  f1-score   support

           0       0.42      0.27      0.33      1475
           1       0.87      0.94      0.90       278
           2       0.66      0.46      0.54       428
           3       0.41      0.30      0.35       969
           4       0.33      0.46      0.38       216
           5       0.34      0.30      0.32       342
           6       0.34      0.53      0.42       459
           7       0.30      0.17      0.21       542
           8       0.08      0.27      0.12        84
           9       0.17      0.23      0.19       214
          10       0.01      0.12      0.02        25
          11       0.46      0.51      0.49       271
          12       0.15      0.14      0.14       331
          13       0.07      0.10      0.09       140
          14       0.47      0.34      0.40       412
          15       0.85      0.89      0.87       287
          16       0.85      0.94      0.89       270
          17       0.64      0.68      0.66       282
          18       0.04      0.15      0.06        41
          19       0.49      0.55      0.52       271
          20       0.46      0.69      0.55       200
          21       0.48      0.60      0.53       471
          22       0.43      0.47      0.45       276
          23       0.49      0.56      0.53       262
          24       0.55      0.49      0.52       336
          25       0.61      0.51      0.55       361
          26       0.00      0.00      0.00        62

    accuracy                           0.43      9305
   macro avg       0.41      0.43      0.41      9305
weighted avg       0.45      0.43      0.43      9305
