              precision    recall  f1-score   support

           0       0.45      0.36      0.40      1176
           1       0.98      0.93      0.96       317
           2       0.71      0.57      0.63       372
           3       0.31      0.41      0.35       531
           4       0.37      0.45      0.41       248
           5       0.39      0.46      0.42       254
           6       0.38      0.58      0.46       474
           7       0.36      0.20      0.26       536
           8       0.24      0.32      0.28       229
           9       0.28      0.33      0.30       257
          10       0.25      0.29      0.27       258
          11       0.67      0.61      0.64       332
          12       0.19      0.22      0.20       258
          13       0.39      0.20      0.27       363
          14       0.48      0.46      0.47       313
          15       0.96      0.92      0.94       313
          16       0.98      0.99      0.99       296
          17       0.75      0.94      0.84       240
          18       0.05      0.11      0.07        70
          19       0.68      0.72      0.70       284
          20       0.64      0.65      0.64       294
          21       0.59      0.60      0.59       578
          22       0.57      0.54      0.55       314
          23       0.61      0.67      0.64       275
          24       0.67      0.52      0.58       386
          25       0.62      0.68      0.65       273
          26       0.00      0.00      0.00        64

    accuracy                           0.51      9305
   macro avg       0.50      0.51      0.50      9305
weighted avg       0.52      0.51      0.51      9305
