              precision    recall  f1-score   support

           0       0.42      0.19      0.26      2055
           1       0.79      0.45      0.58       521
           2       0.62      0.54      0.58       344
           3       0.32      0.34      0.33       646
           4       0.29      0.37      0.33       240
           5       0.29      0.35      0.31       249
           6       0.28      0.45      0.34       444
           7       0.14      0.14      0.14       296
           8       0.24      0.34      0.28       211
           9       0.26      0.31      0.28       247
          10       0.18      0.26      0.21       210
          11       0.38      0.39      0.39       296
          12       0.12      0.13      0.12       282
          13       0.16      0.24      0.19       126
          14       0.45      0.48      0.46       286
          15       0.85      0.90      0.87       283
          16       0.89      0.95      0.92       282
          17       0.49      0.86      0.62       169
          18       0.02      0.07      0.04        55
          19       0.41      0.65      0.50       188
          20       0.59      0.62      0.61       285
          21       0.30      0.37      0.33       476
          22       0.34      0.34      0.34       297
          23       0.43      0.65      0.52       196
          24       0.47      0.42      0.44       342
          25       0.45      0.54      0.50       250
          26       0.00      0.00      0.00        29

    accuracy                           0.39      9305
   macro avg       0.38      0.42      0.39      9305
weighted avg       0.42      0.39      0.39      9305
