              precision    recall  f1-score   support

           0       0.51      0.27      0.35      1791
           1       0.97      0.94      0.96       308
           2       0.60      0.60      0.60       301
           3       0.36      0.39      0.38       650
           4       0.41      0.41      0.41       296
           5       0.37      0.48      0.42       229
           6       0.33      0.63      0.43       372
           7       0.33      0.23      0.27       433
           8       0.22      0.40      0.29       168
           9       0.27      0.31      0.29       262
          10       0.23      0.30      0.26       228
          11       0.58      0.62      0.60       278
          12       0.16      0.24      0.19       194
          13       0.39      0.23      0.29       323
          14       0.45      0.52      0.48       258
          15       0.95      0.93      0.94       308
          16       0.98      0.98      0.98       299
          17       0.76      0.92      0.83       247
          18       0.15      0.14      0.15       189
          19       0.67      0.84      0.74       237
          20       0.59      0.71      0.64       252
          21       0.52      0.66      0.58       459
          22       0.56      0.57      0.56       299
          23       0.59      0.72      0.65       243
          24       0.63      0.55      0.59       341
          25       0.59      0.69      0.64       257
          26       1.00      0.01      0.02        83

    accuracy                           0.50      9305
   macro avg       0.52      0.53      0.50      9305
weighted avg       0.52      0.50      0.49      9305
