              precision    recall  f1-score   support

           0       0.48      0.26      0.34      1733
           1       0.97      0.94      0.96       310
           2       0.59      0.62      0.60       286
           3       0.29      0.43      0.35       479
           4       0.38      0.43      0.40       268
           5       0.37      0.54      0.44       209
           6       0.38      0.60      0.46       451
           7       0.29      0.22      0.25       400
           8       0.26      0.35      0.30       221
           9       0.28      0.31      0.29       272
          10       0.29      0.21      0.25       410
          11       0.59      0.65      0.62       272
          12       0.17      0.22      0.20       233
          13       0.31      0.24      0.27       242
          14       0.44      0.54      0.49       246
          15       0.96      0.93      0.94       309
          16       0.98      0.99      0.98       295
          17       0.75      0.95      0.84       236
          18       0.15      0.13      0.14       198
          19       0.70      0.80      0.75       264
          20       0.66      0.63      0.64       313
          21       0.51      0.65      0.57       462
          22       0.52      0.60      0.56       261
          23       0.58      0.72      0.64       240
          24       0.64      0.53      0.58       363
          25       0.63      0.66      0.65       283
          26       1.00      0.02      0.04        49

    accuracy                           0.50      9305
   macro avg       0.53      0.53      0.50      9305
weighted avg       0.51      0.50      0.49      9305
