              precision    recall  f1-score   support

           0       0.49      0.23      0.32      1990
           1       0.95      0.95      0.95       298
           2       0.54      0.65      0.59       246
           3       0.26      0.37      0.30       493
           4       0.31      0.47      0.37       199
           5       0.39      0.36      0.37       324
           6       0.38      0.56      0.45       490
           7       0.27      0.24      0.25       336
           8       0.24      0.28      0.26       258
           9       0.20      0.33      0.25       182
          10       0.20      0.26      0.23       232
          11       0.63      0.60      0.61       315
          12       0.17      0.21      0.19       243
          13       0.24      0.14      0.17       340
          14       0.41      0.43      0.42       291
          15       0.94      0.96      0.95       294
          16       0.98      0.96      0.97       306
          17       0.74      0.95      0.83       232
          18       0.14      0.12      0.13       196
          19       0.57      0.93      0.71       182
          20       0.53      0.69      0.60       228
          21       0.55      0.60      0.58       540
          22       0.44      0.60      0.51       220
          23       0.59      0.70      0.64       253
          24       0.56      0.55      0.56       301
          25       0.50      0.78      0.61       190
          26       0.00      0.00      0.00       126

    accuracy                           0.47      9305
   macro avg       0.45      0.52      0.47      9305
weighted avg       0.47      0.47      0.45      9305
