              precision    recall  f1-score   support

           0       0.52      0.18      0.26      2804
           1       0.81      0.94      0.87       259
           2       0.40      0.58      0.47       208
           3       0.30      0.37      0.33       578
           4       0.31      0.42      0.35       221
           5       0.38      0.24      0.29       481
           6       0.32      0.53      0.40       430
           7       0.23      0.20      0.21       344
           8       0.08      0.16      0.11       152
           9       0.24      0.15      0.18       475
          10       0.17      0.25      0.20       212
          11       0.35      0.54      0.42       193
          12       0.03      0.12      0.05        77
          13       0.02      0.11      0.04        35
          14       0.21      0.39      0.27       163
          15       0.82      0.85      0.84       288
          16       0.28      0.89      0.43        96
          17       0.25      0.44      0.32       172
          18       0.01      0.05      0.02        38
          19       0.28      0.54      0.36       155
          20       0.58      0.53      0.55       328
          21       0.37      0.54      0.44       395
          22       0.39      0.47      0.42       247
          23       0.31      0.42      0.36       226
          24       0.54      0.38      0.44       428
          25       0.42      0.61      0.50       208
          26       0.00      0.00      0.00        92

    accuracy                           0.35      9305
   macro avg       0.32      0.40      0.34      9305
weighted avg       0.41      0.35      0.35      9305
