              precision    recall  f1-score   support

           0       0.49      0.23      0.32      1967
           1       0.98      0.95      0.96       312
           2       0.50      0.69      0.58       218
           3       0.34      0.40      0.37       594
           4       0.44      0.38      0.41       341
           5       0.43      0.44      0.43       293
           6       0.32      0.64      0.43       365
           7       0.20      0.24      0.22       249
           8       0.26      0.31      0.28       255
           9       0.33      0.23      0.27       428
          10       0.19      0.31      0.24       189
          11       0.58      0.64      0.61       270
          12       0.16      0.18      0.17       260
          13       0.37      0.26      0.30       269
          14       0.45      0.51      0.48       264
          15       0.96      0.93      0.95       307
          16       0.98      0.99      0.98       298
          17       0.75      0.94      0.83       239
          18       0.11      0.11      0.11       159
          19       0.71      0.75      0.73       283
          20       0.64      0.68      0.66       283
          21       0.41      0.70      0.52       343
          22       0.56      0.57      0.57       296
          23       0.60      0.73      0.66       248
          24       0.61      0.55      0.58       332
          25       0.53      0.76      0.62       206
          26       0.00      0.00      0.00        37

    accuracy                           0.49      9305
   macro avg       0.48      0.52      0.49      9305
weighted avg       0.50      0.49      0.47      9305
