              precision    recall  f1-score   support

           0       0.41      0.35      0.38      1091
           1       0.98      0.94      0.96       314
           2       0.68      0.59      0.63       347
           3       0.36      0.36      0.36       700
           4       0.45      0.38      0.41       358
           5       0.36      0.46      0.40       231
           6       0.39      0.57      0.46       492
           7       0.27      0.25      0.26       326
           8       0.22      0.34      0.27       195
           9       0.30      0.27      0.28       334
          10       0.24      0.27      0.25       271
          11       0.67      0.59      0.63       338
          12       0.18      0.20      0.19       270
          13       0.34      0.19      0.25       330
          14       0.46      0.46      0.46       299
          15       0.96      0.92      0.94       313
          16       0.98      0.99      0.99       296
          17       0.76      0.95      0.84       239
          18       0.08      0.11      0.09       116
          19       0.65      0.75      0.70       260
          20       0.65      0.64      0.65       304
          21       0.58      0.60      0.59       572
          22       0.57      0.56      0.57       304
          23       0.60      0.68      0.64       266
          24       0.66      0.52      0.58       384
          25       0.61      0.68      0.64       270
          26       1.00      0.01      0.02        85

    accuracy                           0.51      9305
   macro avg       0.53      0.51      0.50      9305
weighted avg       0.52      0.51      0.50      9305
