              precision    recall  f1-score   support

           0       0.39      0.27      0.32      1392
           1       0.88      0.97      0.93       272
           2       0.54      0.59      0.56       274
           3       0.36      0.35      0.36       719
           4       0.46      0.35      0.40       401
           5       0.24      0.73      0.36        98
           6       0.41      0.49      0.45       596
           7       0.26      0.23      0.24       338
           8       0.16      0.45      0.23       104
           9       0.24      0.29      0.26       248
          10       0.23      0.26      0.24       263
          11       0.46      0.67      0.55       206
          12       0.12      0.12      0.12       311
          13       0.16      0.14      0.15       218
          14       0.53      0.38      0.44       423
          15       0.95      0.94      0.94       302
          16       0.98      0.99      0.98       297
          17       0.74      0.89      0.81       251
          18       0.20      0.13      0.16       257
          19       0.53      0.89      0.67       179
          20       0.36      0.59      0.45       182
          21       0.59      0.58      0.58       594
          22       0.59      0.57      0.58       310
          23       0.58      0.69      0.63       253
          24       0.70      0.51      0.59       409
          25       0.41      0.76      0.54       163
          26       0.00      0.00      0.00       245

    accuracy                           0.46      9305
   macro avg       0.45      0.51      0.46      9305
weighted avg       0.46      0.46      0.45      9305
