              precision    recall  f1-score   support

           0       0.39      0.26      0.31      1456
           1       0.95      0.93      0.94       309
           2       0.71      0.55      0.62       385
           3       0.36      0.35      0.35       719
           4       0.24      0.40      0.30       184
           5       0.31      0.47      0.37       198
           6       0.39      0.51      0.44       548
           7       0.19      0.22      0.20       260
           8       0.17      0.31      0.22       161
           9       0.20      0.13      0.16       458
          10       0.23      0.26      0.25       269
          11       0.53      0.64      0.58       248
          12       0.12      0.14      0.13       257
          13       0.13      0.17      0.15       138
          14       0.41      0.47      0.44       264
          15       0.94      0.92      0.93       306
          16       0.94      0.93      0.93       302
          17       0.68      0.95      0.79       216
          18       0.10      0.10      0.10       157
          19       0.52      0.78      0.62       201
          20       0.59      0.65      0.62       270
          21       0.55      0.59      0.57       542
          22       0.46      0.51      0.48       272
          23       0.58      0.64      0.61       275
          24       0.67      0.44      0.53       457
          25       0.60      0.66      0.63       271
          26       0.00      0.00      0.00       182

    accuracy                           0.46      9305
   macro avg       0.44      0.48      0.45      9305
weighted avg       0.46      0.46      0.45      9305
