              precision    recall  f1-score   support

           0       0.45      0.33      0.38      1291
           1       0.98      0.89      0.94       331
           2       0.57      0.62      0.60       274
           3       0.31      0.38      0.34       568
           4       0.40      0.37      0.39       328
           5       0.42      0.42      0.42       298
           6       0.39      0.53      0.45       532
           7       0.24      0.24      0.24       305
           8       0.24      0.29      0.26       250
           9       0.33      0.30      0.31       332
          10       0.26      0.24      0.25       336
          11       0.60      0.64      0.62       283
          12       0.22      0.17      0.19       377
          13       0.36      0.26      0.30       262
          14       0.48      0.50      0.49       289
          15       0.95      0.93      0.94       305
          16       0.98      0.99      0.98       296
          17       0.75      0.91      0.82       247
          18       0.10      0.12      0.11       136
          19       0.72      0.79      0.75       273
          20       0.62      0.64      0.63       292
          21       0.52      0.64      0.57       476
          22       0.55      0.60      0.57       274
          23       0.59      0.70      0.64       250
          24       0.61      0.57      0.59       323
          25       0.64      0.66      0.65       289
          26       1.00      0.01      0.02        88

    accuracy                           0.50      9305
   macro avg       0.53      0.51      0.50      9305
weighted avg       0.50      0.50      0.49      9305
