              precision    recall  f1-score   support

           0       0.48      0.28      0.36      1593
           1       0.97      0.95      0.96       305
           2       0.64      0.62      0.63       308
           3       0.34      0.41      0.37       588
           4       0.42      0.40      0.41       316
           5       0.35      0.48      0.40       219
           6       0.37      0.58      0.45       455
           7       0.33      0.21      0.25       469
           8       0.23      0.36      0.28       189
           9       0.29      0.30      0.30       287
          10       0.22      0.29      0.25       228
          11       0.60      0.69      0.64       262
          12       0.18      0.23      0.20       226
          13       0.35      0.20      0.25       325
          14       0.46      0.54      0.50       256
          15       0.95      0.93      0.94       307
          16       0.98      0.99      0.98       297
          17       0.75      0.95      0.84       236
          18       0.11      0.13      0.12       142
          19       0.73      0.71      0.72       307
          20       0.61      0.69      0.65       265
          21       0.50      0.65      0.57       456
          22       0.55      0.60      0.57       274
          23       0.56      0.77      0.65       218
          24       0.67      0.54      0.60       375
          25       0.61      0.69      0.65       262
          26       1.00      0.01      0.01       140

    accuracy                           0.50      9305
   macro avg       0.53      0.53      0.50      9305
weighted avg       0.52      0.50      0.49      9305
