              precision    recall  f1-score   support

           0       0.48      0.35      0.41      1288
           1       0.98      0.94      0.96       313
           2       0.65      0.63      0.64       310
           3       0.32      0.41      0.36       559
           4       0.44      0.40      0.42       329
           5       0.39      0.47      0.43       250
           6       0.42      0.52      0.47       589
           7       0.32      0.23      0.27       428
           8       0.25      0.34      0.29       215
           9       0.29      0.28      0.28       304
          10       0.26      0.27      0.26       287
          11       0.64      0.63      0.64       304
          12       0.18      0.22      0.20       255
          13       0.34      0.24      0.28       270
          14       0.52      0.49      0.51       320
          15       0.95      0.94      0.94       304
          16       0.98      0.98      0.98       301
          17       0.74      0.95      0.83       232
          18       0.09      0.17      0.12        88
          19       0.61      0.88      0.72       207
          20       0.66      0.62      0.64       317
          21       0.56      0.62      0.58       530
          22       0.53      0.58      0.56       274
          23       0.58      0.70      0.63       248
          24       0.65      0.52      0.58       378
          25       0.61      0.69      0.65       267
          26       0.00      0.00      0.00       138

    accuracy                           0.51      9305
   macro avg       0.50      0.52      0.50      9305
weighted avg       0.51      0.51      0.51      9305
