              precision    recall  f1-score   support

           0       0.34      0.40      0.37       778
           1       0.95      0.98      0.96       290
           2       0.74      0.56      0.64       397
           3       0.26      0.32      0.29       580
           4       0.35      0.43      0.38       242
           5       0.42      0.42      0.42       304
           6       0.39      0.53      0.45       528
           7       0.27      0.23      0.25       348
           8       0.25      0.31      0.28       246
           9       0.18      0.26      0.21       209
          10       0.22      0.21      0.22       309
          11       0.65      0.58      0.61       335
          12       0.19      0.19      0.19       298
          13       0.21      0.17      0.19       235
          14       0.42      0.44      0.43       283
          15       0.00      0.00      0.00       310
          16       0.92      0.92      0.92       299
          17       0.97      0.99      0.98       294
          18       0.76      0.92      0.83       247
          19       0.12      0.18      0.15       204
          20       0.68      0.78      0.73       262
          21       0.60      0.57      0.58       318
          22       0.59      0.69      0.63       492
          23       0.58      0.57      0.58       305
          24       0.57      0.70      0.63       247
          25       0.64      0.52      0.58       371
          26       0.61      0.61      0.61       296
          27       1.00      0.00      0.01       381

    accuracy                           0.48      9408
   macro avg       0.50      0.48      0.47      9408
weighted avg       0.50      0.48      0.46      9408
