              precision    recall  f1-score   support

           0       0.41      0.37      0.39      1065
           1       0.98      0.92      0.95       319
           2       0.71      0.55      0.62       389
           3       0.44      0.34      0.38       907
           4       0.44      0.38      0.40       348
           5       0.32      0.52      0.39       182
           6       0.42      0.52      0.46       575
           7       0.29      0.21      0.24       419
           8       0.14      0.27      0.19       153
           9       0.20      0.27      0.23       215
          10       0.13      0.25      0.17       155
          11       0.66      0.61      0.64       325
          12       0.16      0.21      0.18       239
          13       0.34      0.20      0.25       321
          14       0.44      0.42      0.43       314
          15       0.96      0.94      0.95       308
          16       0.98      0.98      0.98       299
          17       0.75      0.94      0.83       238
          18       0.03      0.07      0.04        71
          19       0.61      0.83      0.70       220
          20       0.62      0.62      0.62       302
          21       0.61      0.59      0.60       615
          22       0.60      0.56      0.58       322
          23       0.60      0.69      0.64       259
          24       0.71      0.51      0.60       412
          25       0.64      0.65      0.64       296
          26       1.00      0.03      0.05        37

    accuracy                           0.51      9305
   macro avg       0.52      0.50      0.49      9305
weighted avg       0.53      0.51      0.51      9305
