              precision    recall  f1-score   support

           0       0.41      0.37      0.39      1061
           1       0.99      0.94      0.96       316
           2       0.64      0.60      0.62       323
           3       0.32      0.40      0.35       568
           4       0.44      0.41      0.42       319
           5       0.34      0.49      0.40       210
           6       0.39      0.58      0.47       483
           7       0.34      0.21      0.26       488
           8       0.25      0.33      0.28       221
           9       0.31      0.28      0.29       332
          10       0.27      0.26      0.27       307
          11       0.66      0.61      0.63       328
          12       0.18      0.21      0.19       256
          13       0.32      0.19      0.24       312
          14       0.51      0.46      0.49       333
          15       0.96      0.93      0.94       310
          16       0.98      0.99      0.98       297
          17       0.75      0.94      0.84       241
          18       0.07      0.11      0.08        97
          19       0.66      0.77      0.71       257
          20       0.65      0.63      0.64       309
          21       0.56      0.62      0.59       538
          22       0.56      0.57      0.57       294
          23       0.60      0.68      0.64       266
          24       0.63      0.52      0.57       361
          25       0.64      0.65      0.64       297
          26       1.00      0.01      0.01       181

    accuracy                           0.51      9305
   macro avg       0.53      0.51      0.50      9305
weighted avg       0.52      0.51      0.50      9305
