              precision    recall  f1-score   support

           0       0.56      0.28      0.38      1231
           1       0.98      0.94      0.96       209
           2       0.68      0.61      0.64       223
           3       0.29      0.46      0.36       292
           4       0.41      0.39      0.40       209
           5       0.45      0.50      0.47       177
           6       0.38      0.65      0.48       280
           7       0.40      0.27      0.32       293
           8       0.26      0.46      0.33       114
           9       0.33      0.35      0.34       188
          10       0.32      0.32      0.32       198
          11       0.60      0.66      0.63       182
          12       0.20      0.21      0.21       192
          13       0.42      0.29      0.35       180
          14       0.55      0.55      0.55       200
          15       0.95      0.95      0.95       201
          16       0.98      0.98      0.98       199
          17       0.69      0.91      0.78       152
          18       0.01      0.04      0.01        28
          19       0.55      0.66      0.60       164
          20       0.35      0.58      0.44       120
          21       0.59      0.62      0.60       374
          22       0.56      0.57      0.57       199
          23       0.49      0.75      0.59       130
          24       0.69      0.52      0.60       263
          25       0.60      0.70      0.65       169
          26       0.00      0.00      0.00        36

    accuracy                           0.51      6203
   macro avg       0.49      0.53      0.50      6203
weighted avg       0.53      0.51      0.51      6203
