              precision    recall  f1-score   support

           0       0.55      0.21      0.31      2461
           1       0.97      0.97      0.97       301
           2       0.61      0.61      0.61       297
           3       0.36      0.39      0.37       634
           4       0.44      0.39      0.41       332
           5       0.33      0.50      0.40       197
           6       0.36      0.57      0.45       457
           7       0.19      0.26      0.22       220
           8       0.20      0.36      0.25       164
           9       0.22      0.28      0.24       232
          10       0.21      0.28      0.24       229
          11       0.52      0.70      0.60       221
          12       0.13      0.27      0.17       139
          13       0.21      0.17      0.19       231
          14       0.39      0.54      0.45       215
          15       0.95      0.93      0.94       304
          16       0.98      0.99      0.98       298
          17       0.73      0.97      0.83       225
          18       0.09      0.13      0.11       115
          19       0.53      0.93      0.68       172
          20       0.58      0.68      0.63       256
          21       0.52      0.66      0.58       465
          22       0.52      0.60      0.55       260
          23       0.53      0.76      0.63       211
          24       0.58      0.57      0.57       307
          25       0.55      0.74      0.63       220
          26       1.00      0.01      0.01       142

    accuracy                           0.48      9305
   macro avg       0.49      0.54      0.48      9305
weighted avg       0.52      0.48      0.46      9305
