              precision    recall  f1-score   support

           0       0.45      0.37      0.41      1149
           1       0.99      0.93      0.96       318
           2       0.68      0.58      0.63       351
           3       0.34      0.41      0.37       587
           4       0.43      0.42      0.43       308
           5       0.36      0.52      0.43       207
           6       0.39      0.54      0.45       518
           7       0.31      0.20      0.25       456
           8       0.23      0.34      0.27       202
           9       0.25      0.31      0.27       240
          10       0.30      0.26      0.28       354
          11       0.66      0.61      0.63       328
          12       0.19      0.22      0.20       264
          13       0.33      0.21      0.26       294
          14       0.47      0.48      0.47       290
          15       0.96      0.91      0.93       314
          16       0.98      0.99      0.98       297
          17       0.75      0.90      0.82       251
          18       0.07      0.13      0.09        84
          19       0.69      0.73      0.71       284
          20       0.66      0.63      0.64       312
          21       0.61      0.60      0.60       591
          22       0.57      0.54      0.56       318
          23       0.60      0.70      0.65       257
          24       0.66      0.51      0.57       386
          25       0.62      0.68      0.65       275
          26       0.00      0.00      0.00        70

    accuracy                           0.51      9305
   macro avg       0.50      0.51      0.50      9305
weighted avg       0.52      0.51      0.51      9305
