              precision    recall  f1-score   support

           0       0.53      0.23      0.32      2204
           1       0.98      0.96      0.97       304
           2       0.58      0.64      0.61       272
           3       0.44      0.36      0.39       871
           4       0.42      0.40      0.41       318
           5       0.36      0.61      0.46       179
           6       0.34      0.61      0.43       396
           7       0.25      0.25      0.25       302
           8       0.19      0.47      0.27       120
           9       0.20      0.31      0.24       192
          10       0.14      0.28      0.19       154
          11       0.53      0.72      0.61       223
          12       0.14      0.26      0.18       161
          13       0.25      0.28      0.26       170
          14       0.42      0.50      0.46       248
          15       0.96      0.94      0.95       304
          16       0.98      1.00      0.99       294
          17       0.78      0.81      0.80       288
          18       0.04      0.08      0.05        73
          19       0.70      0.75      0.73       281
          20       0.65      0.62      0.64       314
          21       0.31      0.73      0.43       248
          22       0.53      0.62      0.57       255
          23       0.53      0.74      0.62       217
          24       0.64      0.55      0.59       346
          25       0.57      0.74      0.64       232
          26       1.00      0.00      0.01       339

    accuracy                           0.48      9305
   macro avg       0.50      0.54      0.48      9305
weighted avg       0.54      0.48      0.47      9305
