              precision    recall  f1-score   support

           0       0.32      0.49      0.39       613
           1       0.97      0.97      0.97       300
           2       0.59      0.63      0.61       281
           3       0.23      0.40      0.29       397
           4       0.31      0.45      0.37       209
           5       0.33      0.51      0.40       195
           6       0.34      0.53      0.41       444
           7       0.35      0.21      0.27       494
           8       0.26      0.28      0.27       280
           9       0.16      0.23      0.19       207
          10       0.20      0.24      0.22       243
          11       0.58      0.67      0.63       260
          12       0.26      0.16      0.20       483
          13       0.29      0.21      0.24       346
          14       0.47      0.44      0.45       319
          15       0.00      0.00      0.00       799
          16       0.92      0.96      0.94       287
          17       0.96      0.98      0.97       292
          18       0.76      0.91      0.83       253
          19       0.41      0.39      0.40       312
          20       0.64      0.90      0.75       213
          21       0.51      0.50      0.50       304
          22       0.59      0.64      0.62       521
          23       0.63      0.52      0.57       359
          24       0.58      0.71      0.64       244
          25       0.61      0.57      0.59       323
          26       0.61      0.62      0.61       290
          27       0.00      0.00      0.00       178

    accuracy                           0.47      9446
   macro avg       0.46      0.51      0.48      9446
weighted avg       0.43      0.47      0.44      9446
