              precision    recall  f1-score   support

           0       0.41      0.28      0.33      1378
           1       0.96      0.94      0.95       305
           2       0.64      0.58      0.61       335
           3       0.39      0.37      0.38       748
           4       0.40      0.42      0.41       289
           5       0.40      0.47      0.43       257
           6       0.35      0.55      0.43       461
           7       0.24      0.27      0.25       265
           8       0.23      0.32      0.27       216
           9       0.36      0.23      0.28       466
          10       0.20      0.29      0.24       205
          11       0.60      0.64      0.62       280
          12       0.15      0.17      0.16       270
          13       0.29      0.21      0.24       266
          14       0.46      0.52      0.49       264
          15       0.93      0.93      0.93       300
          16       0.98      0.98      0.98       300
          17       0.73      0.95      0.83       231
          18       0.09      0.11      0.10       134
          19       0.65      0.83      0.73       235
          20       0.67      0.59      0.63       344
          21       0.55      0.62      0.58       512
          22       0.55      0.55      0.55       300
          23       0.55      0.71      0.62       230
          24       0.69      0.50      0.58       420
          25       0.60      0.69      0.64       260
          26       0.00      0.00      0.00        34

    accuracy                           0.49      9305
   macro avg       0.48      0.51      0.49      9305
weighted avg       0.50      0.49      0.49      9305
