              precision    recall  f1-score   support

           0       0.34      0.36      0.35       904
           1       0.97      0.97      0.97       302
           2       0.63      0.61      0.62       309
           3       0.28      0.36      0.31       538
           4       0.46      0.39      0.42       350
           5       0.38      0.53      0.44       215
           6       0.33      0.55      0.41       419
           7       0.29      0.24      0.26       354
           8       0.19      0.32      0.23       177
           9       0.18      0.23      0.20       240
          10       0.10      0.26      0.14       114
          11       0.62      0.63      0.62       295
          12       0.25      0.18      0.21       417
          13       0.33      0.16      0.22       485
          14       0.44      0.42      0.43       318
          15       0.00      0.00      0.00       358
          16       0.93      0.94      0.94       297
          17       0.96      0.97      0.97       296
          18       0.76      0.94      0.84       244
          19       0.40      0.41      0.40       295
          20       0.70      0.74      0.72       283
          21       0.53      0.47      0.50       337
          22       0.58      0.66      0.62       497
          23       0.56      0.57      0.56       295
          24       0.53      0.70      0.60       226
          25       0.67      0.53      0.59       380
          26       0.66      0.54      0.59       363
          27       0.00      0.00      0.00       138

    accuracy                           0.48      9446
   macro avg       0.47      0.49      0.47      9446
weighted avg       0.47      0.48      0.47      9446
