              precision    recall  f1-score   support

           0       0.54      0.21      0.30      2402
           1       0.95      0.96      0.95       296
           2       0.61      0.60      0.61       301
           3       0.29      0.38      0.33       543
           4       0.34      0.42      0.38       241
           5       0.43      0.42      0.43       302
           6       0.31      0.56      0.40       400
           7       0.20      0.20      0.20       303
           8       0.21      0.36      0.26       171
           9       0.29      0.25      0.27       343
          10       0.21      0.29      0.24       223
          11       0.55      0.60      0.57       272
          12       0.13      0.17      0.15       226
          13       0.14      0.18      0.16       147
          14       0.39      0.51      0.44       233
          15       0.92      0.96      0.94       285
          16       0.96      0.96      0.96       300
          17       0.73      0.92      0.81       236
          18       0.04      0.11      0.06        64
          19       0.57      0.82      0.67       208
          20       0.58      0.69      0.63       250
          21       0.49      0.62      0.55       467
          22       0.51      0.59      0.54       258
          23       0.51      0.79      0.62       194
          24       0.58      0.54      0.56       322
          25       0.58      0.64      0.61       270
          26       1.00      0.02      0.04        48

    accuracy                           0.47      9305
   macro avg       0.48      0.51      0.47      9305
weighted avg       0.50      0.47      0.45      9305
