              precision    recall  f1-score   support

           0       0.30      0.50      0.38       570
           1       0.97      0.99      0.98       295
           2       0.68      0.63      0.65       322
           3       0.32      0.35      0.34       641
           4       0.39      0.43      0.41       270
           5       0.42      0.52      0.46       244
           6       0.33      0.54      0.41       426
           7       0.28      0.25      0.26       328
           8       0.28      0.33      0.30       252
           9       0.14      0.26      0.18       162
          10       0.17      0.27      0.21       186
          11       0.60      0.62      0.61       289
          12       0.12      0.18      0.14       211
          13       0.16      0.15      0.15       257
          14       0.45      0.47      0.46       287
          15       0.00      0.00      0.00      1224
          16       0.93      0.97      0.95       289
          17       0.96      0.98      0.97       294
          18       0.76      0.95      0.85       240
          19       0.41      0.42      0.41       298
          20       0.68      0.85      0.75       241
          21       0.55      0.45      0.50       365
          22       0.57      0.66      0.61       487
          23       0.55      0.57      0.56       287
          24       0.59      0.67      0.63       261
          25       0.65      0.54      0.59       359
          26       0.59      0.67      0.63       264
          27       0.00      0.00      0.00        97

    accuracy                           0.47      9446
   macro avg       0.46      0.51      0.48      9446
weighted avg       0.42      0.47      0.44      9446
