              precision    recall  f1-score   support

           0       0.39      0.38      0.39       972
           1       0.98      0.93      0.96       317
           2       0.72      0.57      0.63       378
           3       0.40      0.38      0.39       741
           4       0.40      0.43      0.41       284
           5       0.40      0.45      0.42       271
           6       0.42      0.53      0.47       580
           7       0.30      0.22      0.26       401
           8       0.26      0.34      0.30       232
           9       0.31      0.26      0.28       355
          10       0.24      0.25      0.24       292
          11       0.67      0.60      0.63       336
          12       0.19      0.22      0.20       253
          13       0.27      0.24      0.26       210
          14       0.47      0.48      0.47       292
          15       0.96      0.92      0.94       312
          16       0.98      0.99      0.98       297
          17       0.75      0.91      0.82       248
          18       0.05      0.15      0.07        53
          19       0.70      0.72      0.71       292
          20       0.66      0.63      0.64       316
          21       0.54      0.63      0.58       509
          22       0.54      0.58      0.56       279
          23       0.59      0.69      0.64       257
          24       0.68      0.52      0.59       393
          25       0.64      0.67      0.65       286
          26       1.00      0.01      0.01       149

    accuracy                           0.51      9305
   macro avg       0.54      0.51      0.50      9305
weighted avg       0.53      0.51      0.51      9305
