              precision    recall  f1-score   support

           0       0.49      0.30      0.37      1543
           1       0.98      0.94      0.96       314
           2       0.69      0.60      0.64       348
           3       0.39      0.39      0.39       694
           4       0.37      0.44      0.40       251
           5       0.31      0.54      0.39       173
           6       0.34      0.63      0.44       385
           7       0.33      0.22      0.27       449
           8       0.25      0.36      0.29       204
           9       0.34      0.27      0.30       376
          10       0.25      0.28      0.27       273
          11       0.65      0.65      0.65       300
          12       0.18      0.21      0.19       257
          13       0.29      0.26      0.27       213
          14       0.47      0.54      0.50       263
          15       0.96      0.94      0.95       306
          16       0.98      0.98      0.98       298
          17       0.75      0.96      0.84       236
          18       0.08      0.15      0.11        92
          19       0.64      0.85      0.73       224
          20       0.64      0.69      0.66       278
          21       0.48      0.65      0.55       438
          22       0.62      0.49      0.55       379
          23       0.56      0.74      0.64       226
          24       0.68      0.53      0.59       387
          25       0.63      0.64      0.64       292
          26       1.00      0.01      0.02       106

    accuracy                           0.51      9305
   macro avg       0.53      0.53      0.50      9305
weighted avg       0.53      0.51      0.50      9305
