              precision    recall  f1-score   support

           0       0.45      0.36      0.40      1163
           1       0.98      0.93      0.96       316
           2       0.63      0.61      0.62       310
           3       0.31      0.39      0.35       562
           4       0.41      0.45      0.43       273
           5       0.36      0.43      0.39       248
           6       0.40      0.54      0.46       541
           7       0.31      0.22      0.26       419
           8       0.24      0.33      0.28       215
           9       0.31      0.27      0.29       353
          10       0.24      0.26      0.25       278
          11       0.66      0.60      0.63       331
          12       0.16      0.22      0.18       218
          13       0.35      0.21      0.26       313
          14       0.50      0.44      0.47       341
          15       0.95      0.92      0.94       311
          16       0.98      0.99      0.98       297
          17       0.75      0.96      0.84       236
          18       0.07      0.12      0.09        97
          19       0.68      0.76      0.72       266
          20       0.65      0.65      0.65       299
          21       0.54      0.63      0.58       505
          22       0.55      0.57      0.56       291
          23       0.62      0.69      0.65       270
          24       0.65      0.52      0.58       374
          25       0.63      0.66      0.65       285
          26       0.00      0.00      0.00       193

    accuracy                           0.51      9305
   macro avg       0.50      0.51      0.50      9305
weighted avg       0.50      0.51      0.50      9305
