              precision    recall  f1-score   support

           0       0.00      0.00      0.00         0
           1       0.00      0.00      0.00         0
           2       0.00      0.00      0.00         0
           3       0.00      0.00      0.00         0
           4       0.00      0.00      0.00         0
           5       0.00      0.00      0.00         0
           6       0.00      0.00      0.00         0
           7       0.00      0.00      0.00         0
           8       0.00      0.00      0.00         0
           9       0.00      0.00      0.00         0
          10       0.00      0.00      0.00         0
          11       0.00      0.00      0.00         0
          12       0.00      0.00      0.00         0
          13       0.00      0.00      0.00         0
          14       0.00      0.00      0.00         0
          15       0.00      0.00      0.00         0
          16       0.00      0.00      0.00         0
          17       0.00      0.00      0.00         0
          18       0.00      0.00      0.00         0
          19       0.00      0.00      0.00         0
          20       0.00      0.00      0.00         0
          21       0.00      0.00      0.00         0
          22       0.00      0.00      0.00         0
          23       0.00      0.00      0.00         0
          24       0.00      0.00      0.00         0
          25       0.00      0.00      0.00         0
          26       1.00      0.00      0.00      9305

    accuracy                           0.00      9305
   macro avg       0.04      0.00      0.00      9305
weighted avg       1.00      0.00      0.00      9305
