              precision    recall  f1-score   support

           0       0.38      0.37      0.37       978
           1       0.97      0.98      0.97       295
           2       0.49      0.71      0.58       207
           3       0.20      0.43      0.27       329
           4       0.29      0.51      0.37       171
           5       0.30      0.71      0.42       126
           6       0.31      0.63      0.42       351
           7       0.34      0.20      0.25       528
           8       0.22      0.39      0.28       173
           9       0.25      0.31      0.28       243
          10       0.24      0.27      0.25       274
          11       0.58      0.68      0.63       259
          12       0.05      0.22      0.08        64
          13       0.18      0.23      0.20       145
          14       0.45      0.56      0.50       238
          15       0.94      0.93      0.94       303
          16       0.98      0.99      0.99       296
          17       0.73      0.97      0.83       226
          18       0.07      0.15      0.10        78
          19       0.57      0.92      0.70       185
          20       0.60      0.68      0.64       266
          21       0.50      0.64      0.56       458
          22       0.53      0.61      0.57       261
          23       0.42      0.88      0.57       145
          24       0.52      0.62      0.56       251
          25       0.48      0.82      0.61       176
          26       0.00      0.00      0.00      2279

    accuracy                           0.43      9305
   macro avg       0.43      0.57      0.48      9305
weighted avg       0.36      0.43      0.38      9305
