              precision    recall  f1-score   support

           0       0.52      0.24      0.33      2024
           1       0.96      0.98      0.97       295
           2       0.56      0.65      0.60       259
           3       0.26      0.43      0.32       421
           4       0.39      0.46      0.43       255
           5       0.36      0.48      0.41       226
           6       0.38      0.57      0.46       484
           7       0.37      0.20      0.26       567
           8       0.24      0.35      0.28       201
           9       0.22      0.30      0.25       222
          10       0.24      0.25      0.24       293
          11       0.56      0.70      0.62       240
          12       0.10      0.23      0.14       127
          13       0.21      0.19      0.20       211
          14       0.41      0.49      0.45       251
          15       0.95      0.94      0.95       303
          16       0.98      0.99      0.98       298
          17       0.74      0.97      0.84       231
          18       0.14      0.08      0.10       299
          19       0.63      0.76      0.69       247
          20       0.58      0.72      0.64       243
          21       0.45      0.63      0.52       413
          22       0.45      0.61      0.52       223
          23       0.51      0.76      0.61       203
          24       0.54      0.57      0.56       284
          25       0.57      0.79      0.66       216
          26       0.00      0.00      0.00       269

    accuracy                           0.47      9305
   macro avg       0.46      0.53      0.48      9305
weighted avg       0.47      0.47      0.45      9305
