              precision    recall  f1-score   support

           0       0.30      0.12      0.18      2291
           1       0.24      0.36      0.29       200
           2       0.00      0.00      0.00         0
           3       0.12      0.29      0.17       283
           4       0.44      0.20      0.27       673
           5       0.02      0.08      0.03        75
           6       0.14      0.21      0.17       466
           7       0.01      0.05      0.01        41
           8       0.09      0.05      0.07       514
           9       0.00      0.00      0.00         0
          10       0.06      0.10      0.08       189
          11       0.33      0.09      0.14      1061
          12       0.07      0.06      0.07       350
          13       0.00      0.00      0.00         0
          14       0.11      0.21      0.14       150
          15       0.84      0.59      0.69       428
          16       0.79      0.64      0.71       374
          17       0.69      0.11      0.19      1846
          18       0.01      0.11      0.01         9
          19       0.00      0.00      0.00         0
          20       0.02      0.56      0.03         9
          21       0.14      0.33      0.20       253
          22       0.00      0.00      0.00         5
          23       0.01      0.06      0.02        49
          24       0.00      0.05      0.01        20
          25       0.00      0.00      0.00         0
          26       0.00      0.00      0.00        19

    accuracy                           0.18      9305
   macro avg       0.16      0.16      0.13      9305
weighted avg       0.38      0.18      0.21      9305
