              precision    recall  f1-score   support

           0       0.49      0.29      0.36      1601
           1       0.97      0.94      0.96       309
           2       0.64      0.61      0.63       316
           3       0.37      0.37      0.37       693
           4       0.40      0.43      0.42       278
           5       0.37      0.51      0.43       221
           6       0.38      0.59      0.46       460
           7       0.31      0.21      0.25       446
           8       0.27      0.36      0.31       221
           9       0.29      0.26      0.27       333
          10       0.20      0.30      0.24       201
          11       0.63      0.66      0.64       284
          12       0.13      0.29      0.18       136
          13       0.26      0.26      0.26       187
          14       0.49      0.53      0.51       276
          15       0.95      0.93      0.94       305
          16       0.98      0.99      0.98       295
          17       0.75      0.93      0.83       242
          18       0.10      0.14      0.11       113
          19       0.68      0.73      0.71       279
          20       0.62      0.63      0.63       294
          21       0.57      0.62      0.59       544
          22       0.55      0.56      0.55       296
          23       0.56      0.75      0.64       222
          24       0.62      0.53      0.57       347
          25       0.62      0.66      0.64       278
          26       0.00      0.00      0.00       128

    accuracy                           0.50      9305
   macro avg       0.49      0.52      0.50      9305
weighted avg       0.51      0.50      0.50      9305
