              precision    recall  f1-score   support

           0       0.41      0.27      0.32      1451
           1       0.97      0.94      0.96       311
           2       0.63      0.63      0.63       298
           3       0.37      0.38      0.38       673
           4       0.43      0.40      0.41       318
           5       0.34      0.52      0.41       199
           6       0.38      0.59      0.46       465
           7       0.33      0.21      0.26       475
           8       0.25      0.32      0.28       232
           9       0.28      0.32      0.30       265
          10       0.25      0.30      0.27       253
          11       0.61      0.66      0.64       278
          12       0.18      0.23      0.20       237
          13       0.36      0.25      0.30       271
          14       0.48      0.51      0.50       282
          15       0.95      0.93      0.94       307
          16       0.98      0.99      0.98       298
          17       0.75      0.95      0.84       236
          18       0.15      0.15      0.15       170
          19       0.65      0.85      0.73       229
          20       0.66      0.67      0.66       296
          21       0.52      0.64      0.58       478
          22       0.59      0.54      0.57       327
          23       0.60      0.71      0.65       251
          24       0.61      0.55      0.58       329
          25       0.60      0.69      0.64       258
          26       1.00      0.01      0.02       118

    accuracy                           0.50      9305
   macro avg       0.53      0.53      0.51      9305
weighted avg       0.51      0.50      0.49      9305
