              precision    recall  f1-score   support

           0       0.34      0.47      0.40       692
           1       0.96      0.97      0.96       299
           2       0.55      0.68      0.61       241
           3       0.27      0.36      0.31       531
           4       0.30      0.51      0.38       176
           5       0.35      0.51      0.42       206
           6       0.37      0.55      0.44       488
           7       0.34      0.19      0.25       522
           8       0.27      0.35      0.30       228
           9       0.25      0.32      0.28       239
          10       0.07      0.25      0.11        83
          11       0.60      0.66      0.63       272
          12       0.08      0.14      0.10       166
          13       0.20      0.13      0.16       286
          14       0.47      0.49      0.48       289
          15       0.94      0.95      0.94       298
          16       0.98      1.00      0.99       295
          17       0.73      0.97      0.83       226
          18       0.07      0.12      0.09        97
          19       0.58      0.88      0.70       198
          20       0.55      0.73      0.63       228
          21       0.49      0.65      0.56       444
          22       0.47      0.59      0.53       240
          23       0.47      0.83      0.60       171
          24       0.56      0.56      0.56       298
          25       0.58      0.72      0.64       239
          26       1.00      0.00      0.00      1853

    accuracy                           0.45      9305
   macro avg       0.48      0.54      0.48      9305
weighted avg       0.57      0.45      0.40      9305
