              precision    recall  f1-score   support

           0       0.31      0.26      0.28      1093
           1       0.95      0.94      0.94       304
           2       0.59      0.56      0.57       317
           3       0.44      0.30      0.36      1025
           4       0.41      0.45      0.43       270
           5       0.31      0.43      0.36       218
           6       0.32      0.57      0.41       399
           7       0.16      0.18      0.17       270
           8       0.07      0.16      0.10       133
           9       0.13      0.15      0.14       253
          10       0.09      0.16      0.11       174
          11       0.46      0.58      0.51       236
          12       0.11      0.18      0.13       181
          13       0.29      0.11      0.16       483
          14       0.50      0.24      0.32       633
          15       0.93      0.90      0.91       310
          16       0.92      0.95      0.94       290
          17       0.62      0.83      0.71       226
          18       0.12      0.08      0.10       253
          19       0.46      0.84      0.59       164
          20       0.48      0.46      0.47       318
          21       0.53      0.58      0.56       539
          22       0.47      0.44      0.46       318
          23       0.51      0.66      0.57       231
          24       0.52      0.52      0.52       304
          25       0.62      0.61      0.61       307
          26       0.00      0.00      0.00        56

    accuracy                           0.43      9305
   macro avg       0.42      0.45      0.42      9305
weighted avg       0.44      0.43      0.42      9305
