              precision    recall  f1-score   support

           0       0.52      0.31      0.39      1579
           1       0.95      0.97      0.96       294
           2       0.58      0.61      0.59       285
           3       0.29      0.39      0.33       518
           4       0.37      0.46      0.41       242
           5       0.36      0.52      0.43       208
           6       0.35      0.58      0.44       433
           7       0.32      0.21      0.25       449
           8       0.21      0.36      0.27       175
           9       0.32      0.28      0.30       340
          10       0.19      0.31      0.24       183
          11       0.63      0.66      0.64       285
          12       0.18      0.17      0.18       317
          13       0.17      0.20      0.18       163
          14       0.41      0.48      0.44       255
          15       0.95      0.95      0.95       300
          16       0.98      1.00      0.99       294
          17       0.75      0.96      0.84       235
          18       0.12      0.10      0.11       193
          19       0.58      0.85      0.69       204
          20       0.52      0.71      0.60       220
          21       0.50      0.63      0.56       471
          22       0.58      0.58      0.58       299
          23       0.57      0.75      0.65       229
          24       0.63      0.56      0.59       336
          25       0.58      0.73      0.65       239
          26       1.00      0.00      0.00       559

    accuracy                           0.48      9305
   macro avg       0.50      0.53      0.49      9305
weighted avg       0.52      0.48      0.46      9305
