              precision    recall  f1-score   support

           0       0.43      0.20      0.27      2067
           1       0.93      0.97      0.95       288
           2       0.58      0.54      0.56       322
           3       0.24      0.36      0.29       474
           4       0.22      0.45      0.29       143
           5       0.33      0.51      0.40       196
           6       0.38      0.50      0.43       551
           7       0.23      0.16      0.19       432
           8       0.10      0.19      0.13       154
           9       0.26      0.16      0.20       487
          10       0.01      0.10      0.02        40
          11       0.53      0.64      0.58       248
          12       0.19      0.17      0.18       350
          13       0.21      0.11      0.15       342
          14       0.19      0.40      0.26       139
          15       0.94      0.74      0.83       383
          16       0.94      0.96      0.95       292
          17       0.27      0.83      0.41        98
          18       0.04      0.09      0.06        81
          19       0.29      0.75      0.42       114
          20       0.42      0.44      0.43       291
          21       0.48      0.61      0.54       462
          22       0.45      0.56      0.50       243
          23       0.51      0.65      0.57       234
          24       0.46      0.55      0.50       251
          25       0.61      0.60      0.60       301
          26       0.00      0.00      0.00       322

    accuracy                           0.40      9305
   macro avg       0.38      0.45      0.40      9305
weighted avg       0.42      0.40      0.39      9305
