              precision    recall  f1-score   support

           0       0.31      0.37      0.34       796
           1       0.98      0.97      0.98       303
           2       0.66      0.59      0.62       337
           3       0.40      0.32      0.36       856
           4       0.41      0.41      0.41       299
           5       0.41      0.47      0.44       260
           6       0.28      0.55      0.37       363
           7       0.27      0.20      0.23       411
           8       0.24      0.30      0.27       242
           9       0.13      0.20      0.16       197
          10       0.22      0.21      0.22       323
          11       0.61      0.64      0.63       287
          12       0.25      0.18      0.21       410
          13       0.20      0.17      0.19       280
          14       0.43      0.39      0.41       327
          15       0.00      0.00      0.00       278
          16       0.92      0.94      0.93       293
          17       0.96      0.98      0.97       294
          18       0.76      0.97      0.85       234
          19       0.36      0.44      0.40       243
          20       0.66      0.79      0.72       251
          21       0.48      0.54      0.50       267
          22       0.57      0.64      0.60       502
          23       0.56      0.56      0.56       299
          24       0.58      0.73      0.65       239
          25       0.73      0.49      0.59       443
          26       0.62      0.60      0.61       308
          27       0.00      0.00      0.00       104

    accuracy                           0.48      9446
   macro avg       0.46      0.49      0.47      9446
weighted avg       0.47      0.48      0.47      9446
