              precision    recall  f1-score   support

           0       0.40      0.17      0.24      2156
           1       0.89      0.93      0.91       288
           2       0.22      0.35      0.27       188
           3       0.25      0.38      0.30       461
           4       0.42      0.36      0.39       354
           5       0.37      0.42      0.39       261
           6       0.36      0.51      0.42       506
           7       0.21      0.23      0.22       279
           8       0.04      0.06      0.05       233
           9       0.22      0.16      0.19       409
          10       0.08      0.26      0.12        89
          11       0.46      0.50      0.48       273
          12       0.11      0.13      0.12       254
          13       0.26      0.14      0.18       350
          14       0.31      0.26      0.28       349
          15       0.79      0.90      0.84       262
          16       0.81      0.88      0.85       276
          17       0.21      0.63      0.32       101
          18       0.01      0.02      0.01        52
          19       0.38      0.79      0.51       144
          20       0.47      0.45      0.46       310
          21       0.48      0.62      0.54       452
          22       0.50      0.47      0.48       320
          23       0.47      0.74      0.58       193
          24       0.59      0.49      0.53       361
          25       0.56      0.59      0.57       282
          26       0.00      0.00      0.00       102

    accuracy                           0.38      9305
   macro avg       0.37      0.42      0.38      9305
weighted avg       0.40      0.38      0.37      9305
