              precision    recall  f1-score   support

           0       0.38      0.53      0.44      1298
           1       0.85      0.98      0.91       108
           2       0.57      0.76      0.65       152
           3       0.39      0.42      0.40       948
           4       0.50      0.01      0.02       252
           5       0.00      0.00      0.00        33
           6       0.37      0.56      0.45       920
           7       0.00      0.00      0.00       362
           8       0.00      0.00      0.00        33
           9       0.00      0.00      0.00        33
          10       0.00      0.00      0.00        37
          11       0.73      0.31      0.43       134
          12       0.00      0.00      0.00       156
          13       0.00      0.00      0.00        33
          14       0.00      0.00      0.00        33
          16       0.75      0.04      0.08        72
          17       0.00      0.00      0.00        33
          18       0.00      0.00      0.00        33
          19       0.00      0.00      0.00        33
          20       0.00      0.00      0.00        33
          21       0.00      0.00      0.00        33
          22       0.68      0.75      0.71       732
          23       0.48      0.65      0.55       271
          24       0.00      0.00      0.00        33
          25       0.51      0.51      0.51       171
          26       0.57      0.50      0.53       209
          27       0.00      0.00      0.00         1

    accuracy                           0.45      6186
   macro avg       0.25      0.22      0.21      6186
weighted avg       0.40      0.45      0.40      6186
