              precision    recall  f1-score   support

           0       0.35      0.84      0.50       658
           1       0.00      0.00      0.00        58
           2       0.00      0.00      0.00        70
           3       0.00      0.00      0.00       482
           4       0.00      0.00      0.00       122
           5       0.00      0.00      0.00         3
           6       0.43      0.54      0.48       437
           7       0.00      0.00      0.00       167
           8       0.00      0.00      0.00         5
           9       0.00      0.00      0.00        14
          10       0.00      0.00      0.00        16
          11       0.00      0.00      0.00        64
          12       0.00      0.00      0.00        84
          13       0.00      0.00      0.00         1
          14       0.00      0.00      0.00        10
          16       0.00      0.00      0.00        39
          17       0.00      0.00      0.00         9
          18       0.00      0.00      0.00         4
          19       0.00      0.00      0.00         9
          20       0.00      0.00      0.00        13
          21       0.00      0.00      0.00         5
          22       0.38      0.86      0.52       379
          23       0.00      0.00      0.00       141
          24       0.00      0.00      0.00        15
          25       0.00      0.00      0.00        93
          26       0.00      0.00      0.00       102

    accuracy                           0.37      3000
   macro avg       0.04      0.09      0.06      3000
weighted avg       0.19      0.37      0.25      3000
