              precision    recall  f1-score   support

           0       0.31      0.74      0.43       639
           1       1.00      0.60      0.75        62
           2       0.00      0.00      0.00        82
           3       0.00      0.00      0.00       450
           4       0.00      0.00      0.00       105
           5       0.00      0.00      0.00         1
           6       0.38      0.51      0.44       452
           7       0.00      0.00      0.00       194
           8       0.00      0.00      0.00         5
           9       0.00      0.00      0.00        12
          10       0.00      0.00      0.00        22
          11       0.00      0.00      0.00        79
          12       0.00      0.00      0.00        80
          13       0.00      0.00      0.00         1
          14       0.00      0.00      0.00        10
          16       0.50      0.03      0.05        35
          17       1.00      0.60      0.75        10
          18       0.00      0.00      0.00         3
          19       0.00      0.00      0.00        10
          20       0.00      0.00      0.00        13
          21       0.00      0.00      0.00         5
          22       0.41      0.86      0.56       376
          23       0.00      0.00      0.00       130
          24       0.00      0.00      0.00        14
          25       0.00      0.00      0.00        99
          26       0.00      0.00      0.00       111

    accuracy                           0.36      3000
   macro avg       0.14      0.13      0.11      3000
weighted avg       0.20      0.36      0.25      3000
