              precision    recall  f1-score   support

           0       0.51      0.30      0.38       974
           1       0.97      0.96      0.97       300
           2       0.60      0.63      0.62       300
           3       0.37      0.21      0.26       710
           4       0.43      0.38      0.40       300
           5       0.56      0.34      0.43       300
           6       0.60      0.30      0.40       690
           7       0.20      0.31      0.25       300
           8       0.26      0.17      0.20       300
           9       0.28      0.23      0.25       300
          10       0.22      0.25      0.24       300
          11       0.68      0.55      0.61       300
          12       0.18      0.27      0.22       300
          13       0.18      0.23      0.20       245
          14       0.38      0.40      0.39       300
          15       0.00      0.00      0.00         0
          16       0.96      0.90      0.93       300
          17       1.00      0.98      0.99       300
          18       0.97      0.76      0.85       300
          19       0.43      0.41      0.42       300
          20       0.92      0.65      0.76       300
          21       0.70      0.47      0.56       300
          22       0.69      0.52      0.59       549
          23       0.63      0.57      0.60       300
          24       0.83      0.51      0.63       300
          25       0.57      0.56      0.57       300
          26       0.81      0.43      0.57       299
          27       0.00      0.00      0.00         1
          28       0.00      0.00      0.00         0

    accuracy                           0.44      9468
   macro avg       0.51      0.42      0.46      9468
weighted avg       0.57      0.44      0.49      9468
