              precision    recall  f1-score   support

           0       0.48      0.21      0.30      2105
           1       0.95      0.95      0.95       299
           2       0.63      0.60      0.62       313
           3       0.27      0.39      0.32       476
           4       0.34      0.42      0.38       244
           5       0.32      0.56      0.41       172
           6       0.34      0.64      0.44       379
           7       0.30      0.20      0.24       464
           8       0.22      0.27      0.25       246
           9       0.19      0.24      0.21       234
          10       0.24      0.26      0.25       276
          11       0.64      0.65      0.64       297
          12       0.16      0.18      0.17       262
          13       0.21      0.15      0.17       258
          14       0.38      0.46      0.41       250
          15       0.95      0.95      0.95       299
          16       0.98      0.98      0.98       300
          17       0.74      0.94      0.83       235
          18       0.12      0.14      0.13       147
          19       0.56      0.92      0.69       182
          20       0.54      0.70      0.61       232
          21       0.51      0.64      0.57       474
          22       0.50      0.57      0.53       263
          23       0.52      0.70      0.59       222
          24       0.56      0.56      0.56       298
          25       0.60      0.72      0.65       248
          26       0.00      0.00      0.00       130

    accuracy                           0.47      9305
   macro avg       0.45      0.52      0.48      9305
weighted avg       0.47      0.47      0.45      9305
