              precision    recall  f1-score   support

           0       0.56      0.18      0.28      2881
           1       0.96      0.97      0.96       295
           2       0.52      0.63      0.57       248
           3       0.24      0.40      0.30       417
           4       0.36      0.49      0.41       222
           5       0.32      0.69      0.43       138
           6       0.37      0.58      0.45       460
           7       0.26      0.24      0.25       336
           8       0.21      0.33      0.26       190
           9       0.29      0.27      0.28       319
          10       0.21      0.28      0.24       228
          11       0.46      0.76      0.58       182
          12       0.08      0.27      0.12        89
          13       0.24      0.18      0.21       250
          14       0.47      0.47      0.47       303
          15       0.94      0.93      0.94       303
          16       0.98      0.99      0.99       296
          17       0.75      0.93      0.83       241
          18       0.07      0.17      0.10        70
          19       0.55      0.91      0.69       181
          20       0.55      0.77      0.64       213
          21       0.31      0.65      0.42       284
          22       0.51      0.62      0.56       247
          23       0.44      0.87      0.58       150
          24       0.54      0.58      0.56       279
          25       0.46      0.83      0.59       167
          26       1.00      0.00      0.01       316

    accuracy                           0.45      9305
   macro avg       0.47      0.56      0.47      9305
weighted avg       0.51      0.45      0.42      9305
