              precision    recall  f1-score   support

           0       0.00      0.00      0.00         0
           1       0.97      0.03      0.06      8721
           2       0.00      0.00      0.00         0
           3       0.00      0.00      0.00         0
           4       0.00      0.00      0.00         0
           5       0.00      0.00      0.00         0
           6       0.00      0.00      0.00         0
           7       0.00      0.00      0.00         0
           8       0.00      0.00      0.00         0
           9       0.00      0.00      0.00         0
          10       0.00      0.00      0.00         0
          11       0.00      0.00      0.00         0
          12       0.00      0.00      0.00         0
          13       0.00      0.00      0.00         0
          14       0.00      0.00      0.00         0
          15       0.85      0.72      0.78       355
          16       0.00      0.00      0.00         0
          17       0.00      0.00      0.00         0
          18       0.00      0.00      0.00         0
          19       0.05      0.20      0.08        71
          20       0.00      0.00      0.00         0
          21       0.00      0.00      0.00         2
          22       0.00      0.00      0.00         0
          23       0.03      0.06      0.04       156
          24       0.00      0.00      0.00         0
          25       0.00      0.00      0.00         0
          26       0.00      0.00      0.00         0

    accuracy                           0.06      9305
   macro avg       0.07      0.04      0.04      9305
weighted avg       0.95      0.06      0.09      9305
