              precision    recall  f1-score   support

           0       0.41      0.36      0.38      1061
           1       0.99      0.94      0.96       316
           2       0.65      0.59      0.62       330
           3       0.39      0.37      0.38       722
           4       0.39      0.44      0.41       267
           5       0.34      0.49      0.40       208
           6       0.39      0.57      0.46       495
           7       0.33      0.22      0.26       444
           8       0.24      0.36      0.29       201
           9       0.31      0.29      0.30       322
          10       0.26      0.25      0.25       314
          11       0.67      0.61      0.64       329
          12       0.18      0.22      0.20       240
          13       0.26      0.20      0.22       242
          14       0.50      0.46      0.48       327
          15       0.95      0.92      0.94       310
          16       0.98      0.99      0.98       296
          17       0.75      0.95      0.84       237
          18       0.08      0.16      0.10        83
          19       0.71      0.72      0.71       294
          20       0.66      0.64      0.65       308
          21       0.56      0.62      0.59       526
          22       0.57      0.57      0.57       296
          23       0.63      0.69      0.66       272
          24       0.68      0.52      0.59       390
          25       0.64      0.65      0.65       293
          26       0.00      0.00      0.00       182

    accuracy                           0.51      9305
   macro avg       0.50      0.51      0.50      9305
weighted avg       0.51      0.51      0.51      9305
