              precision    recall  f1-score   support

           0       0.50      0.24      0.32      1975
           1       0.98      0.93      0.95       316
           2       0.61      0.62      0.62       297
           3       0.34      0.41      0.37       584
           4       0.38      0.39      0.38       295
           5       0.39      0.47      0.43       252
           6       0.34      0.60      0.43       407
           7       0.24      0.25      0.24       280
           8       0.23      0.39      0.29       175
           9       0.27      0.30      0.29       275
          10       0.21      0.31      0.25       205
          11       0.62      0.64      0.63       291
          12       0.19      0.18      0.18       325
          13       0.36      0.23      0.28       287
          14       0.43      0.54      0.48       240
          15       0.96      0.94      0.95       306
          16       0.98      0.98      0.98       299
          17       0.75      0.95      0.84       237
          18       0.12      0.11      0.12       190
          19       0.69      0.82      0.75       251
          20       0.60      0.69      0.64       262
          21       0.52      0.64      0.57       475
          22       0.53      0.61      0.57       262
          23       0.57      0.75      0.65       228
          24       0.61      0.56      0.58       325
          25       0.57      0.71      0.63       242
          26       0.00      0.00      0.00        24

    accuracy                           0.49      9305
   macro avg       0.48      0.53      0.50      9305
weighted avg       0.50      0.49      0.48      9305
