              precision    recall  f1-score   support

           0       0.58      0.19      0.28      2918
           1       0.96      0.96      0.96       300
           2       0.53      0.70      0.60       229
           3       0.25      0.43      0.32       410
           4       0.28      0.55      0.37       154
           5       0.30      0.71      0.42       129
           6       0.31      0.64      0.42       353
           7       0.34      0.23      0.27       445
           8       0.20      0.37      0.26       162
           9       0.33      0.27      0.30       358
          10       0.24      0.27      0.25       265
          11       0.62      0.64      0.63       292
          12       0.12      0.24      0.16       154
          13       0.24      0.19      0.21       241
          14       0.40      0.50      0.44       239
          15       0.93      0.95      0.94       295
          16       0.98      0.99      0.99       296
          17       0.75      0.96      0.84       234
          18       0.08      0.13      0.10       104
          19       0.54      0.90      0.67       179
          20       0.54      0.77      0.64       210
          21       0.45      0.65      0.53       405
          22       0.53      0.60      0.56       265
          23       0.46      0.79      0.58       176
          24       0.50      0.61      0.55       247
          25       0.49      0.81      0.61       182
          26       0.00      0.00      0.00        63

    accuracy                           0.46      9305
   macro avg       0.44      0.56      0.48      9305
weighted avg       0.50      0.46      0.44      9305
