              precision    recall  f1-score   support

           0       0.43      0.38      0.41      1067
           1       0.98      0.93      0.96       316
           2       0.68      0.58      0.63       354
           3       0.32      0.40      0.36       555
           4       0.44      0.41      0.42       319
           5       0.40      0.45      0.42       266
           6       0.42      0.54      0.47       558
           7       0.36      0.21      0.26       509
           8       0.24      0.31      0.27       226
           9       0.29      0.29      0.29       296
          10       0.24      0.25      0.25       288
          11       0.66      0.61      0.63       328
          12       0.16      0.24      0.19       202
          13       0.31      0.20      0.24       296
          14       0.46      0.48      0.47       286
          15       0.96      0.92      0.94       312
          16       0.98      0.99      0.98       297
          17       0.75      0.95      0.84       238
          18       0.10      0.12      0.11       129
          19       0.69      0.74      0.71       277
          20       0.66      0.63      0.64       316
          21       0.56      0.61      0.59       538
          22       0.53      0.58      0.56       275
          23       0.58      0.70      0.64       250
          24       0.64      0.53      0.58       363
          25       0.64      0.66      0.65       287
          26       1.00      0.01      0.01       157

    accuracy                           0.51      9305
   macro avg       0.54      0.51      0.50      9305
weighted avg       0.53      0.51      0.51      9305
