              precision    recall  f1-score   support

           0       0.34      0.44      0.38       721
           1       0.98      0.96      0.97       306
           2       0.67      0.58      0.62       346
           3       0.31      0.37      0.34       595
           4       0.39      0.41      0.40       283
           5       0.38      0.41      0.39       279
           6       0.34      0.61      0.44       402
           7       0.26      0.22      0.24       344
           8       0.27      0.29      0.28       279
           9       0.21      0.36      0.26       171
          10       0.22      0.27      0.24       249
          11       0.61      0.64      0.62       285
          12       0.16      0.20      0.17       239
          13       0.29      0.16      0.20       341
          14       0.49      0.50      0.49       293
          15       0.95      0.95      0.95       299
          16       0.98      0.99      0.98       297
          17       0.75      0.94      0.83       239
          18       0.08      0.14      0.10        90
          19       0.67      0.81      0.73       250
          20       0.63      0.64      0.63       299
          21       0.56      0.63      0.59       521
          22       0.51      0.58      0.54       264
          23       0.64      0.69      0.66       278
          24       0.60      0.58      0.59       312
          25       0.62      0.66      0.64       280
          26       0.00      0.00      0.00      1043

    accuracy                           0.48      9305
   macro avg       0.48      0.52      0.49      9305
weighted avg       0.44      0.48      0.46      9305
